Sample	Copy_Number	SoS_Predicted_Ploidy	Error_in_SoS_Approach
=== 1 ===
AAAGATGGTCTTCACC.1	3.1	3.1,3.15,3.05,3.2,3,3.25,2.95,3.3,2.9,4.1,4.05,4,4.15,6,4.2,3.95,4.45,2.1,4.4,2.15,3.35,4.5,5.35,4.35,5.4,1.8,2.2,1.75,2.05,4.3,4.25,5.3,2.85,4.55,5.25,2.25,1.85,5.45,1.7,3.9,2.3,5.2,5.5,4.6,2,2.35,5.95,1.9,5.15,4.9,4.85,1.65,4.95,5.55,1.95,2.4,4.65,4.8,5.1,3.85,5,1.5,5.05,4.75,3.4,4.7,5.6,2.45,2.8,1.6,5.9,1.55,3.8,5.65,2.5,5.85,5.7,3.45,2.75,3.75,5.75,2.55,5.8,3.5,2.7,2.6,3.7,2.65,3.55,3.65,3.6	28.01,39.79,44.85,79.26,89.84,146.49,162.36,241.94,262.97,277.58,278.11,295.83,297.35,334.07,336.01,341.65,355.28,357.04,358.88,359.06,360.23,364.82,375.88,376.59,377.96,379.99,380.36,380.66,383.09,385.86,387.3,388.22,392.26,394.83,400.66,400.81,402.9,403.49,407.83,409.68,418.17,427.39,430.95,433.22,434.3,445.4,451.59,451.82,454.57,455.26,460.6,463.14,469,472.6,478.26,478.77,482.68,483.12,484.16,486.77,497.05,497.63,499.64,502.4,505.4,517.34,528.93,538.98,539.85,542.23,562.03,567.6,585.92,590.97,621.33,649.02,660.21,664.17,675.74,695.52,709.6,711.88,712.72,774.58,776.77,788.61,791.32,811.78,840.41,851.93,860.88 
5363
    Dist: 1.824
    Counts: 0.152
    Lorenz: 1.11
    Hist: 0.622
    SoS: 0.853
    CN: 1.478
Curr fixed:
5363 x 5363
All fixed:
160890 x 5363
=== 2 ===
AAAGTAGAGCCAGGAT.1	3.4	3.4,3.35,3.3,3.45,3.25,2.1,3.2,2.15,2.2,4.85,2.05,4.9,5.55,4.8,3.15,3.5,5.6,5.5,4.75,2.25,2,1.5,5.8,5.45,4.7,3.1,5.75,4.65,5.65,5.7,4.6,4.95,1.95,4.55,5.85,4.5,3.05,5.4,4.4,4.45,2.3,1.9,5.9,3.55,4.25,5,4.15,4.2,4,5.95,4.1,3.95,4.3,4.35,5.05,2.35,6,1.55,3.9,2.4,2.7,3,2.8,2.95,5.35,2.75,4.05,2.85,2.45,5.1,2.9,2.5,2.65,1.85,3.85,3.6,3.8,3.75,2.55,2.6,5.15,5.3,1.6,3.7,3.65,1.8,5.2,5.25,1.65,1.7,1.75	320.37,324.33,337.87,338.58,346.72,353.44,355.9,356.3,365.29,365.77,373.26,376.6,377.37,381.07,381.74,384.19,385.12,386.3,394.98,397.5,400.33,402.11,402.69,404.19,404.7,404.74,406.03,409.82,410.39,411.76,413.04,413.49,417.28,422.94,423.26,433.86,436.12,442.41,442.61,443.5,443.86,444.63,449.62,450.14,455.66,457.22,459.24,459.68,461.25,461.37,461.38,462.8,465.25,465.9,467.58,472.82,472.93,474.79,477.01,478.23,478.4,478.56,478.96,479.42,479.56,479.56,480.48,485.95,489.72,490.89,494.68,495.61,497.13,497.26,501.98,502,510.6,511.92,517.11,520.64,522.3,524.45,527.64,530.77,542.97,562.61,562.82,567.75,579.61,603.02,613.43 
5363
    Dist: 0.865
    Counts: 0.140000000000001
    Lorenz: 0.315
    Hist: 0.513999999999999
    SoS: 0.374000000000001
    CN: 1.463
Curr fixed:
5363 x 5363
All fixed:
160890 x 5363
=== 3 ===
AAATGCCTCTTGTTAC.1	3.05	3.05,3,3.1,2.95,3.15,2.9,3.2,2.85,3.25,2.1,4.1,4.15,2.15,2.05,4.2,4.05,4.25,5,2,2.2,1.75,5.05,1.7,1.95,4.95,1.9,4.5,1.85,4,1.8,4.45,4.3,3.3,4.9,5.1,4.55,1.65,6,4.4,3.95,4.85,2.8,2.25,5.8,4.6,5.75,5.85,5.95,5.7,4.35,5.9,4.75,4.8,5.15,4.7,4.65,3.9,5.65,5.5,1.6,5.55,5.6,5.45,1.5,5.2,3.35,1.55,3.85,2.3,5.4,5.25,2.75,5.35,3.8,5.3,2.35,3.4,3.75,3.45,3.7,2.7,3.5,2.4,3.65,2.65,2.45,3.55,3.6,2.6,2.5,2.55	147.29,154.23,162.89,185.3,206.53,244.94,267.39,332.76,335.07,359.25,365.03,366.48,369.49,370.68,372.97,385.92,389.02,395.95,396.75,397.07,397.13,399.02,400.04,400.25,400.89,404.15,404.53,406.24,406.4,406.42,410.72,411.46,412.22,412.57,416.5,423.93,426.2,430.35,430.83,431.83,432.31,437.41,441.37,442.74,443.43,446.73,448.02,448.78,449.62,450.45,451.55,451.64,453.17,454.94,455.48,455.6,460.38,460.47,464.41,465.38,467.52,470.26,472.27,473.17,481.52,481.93,484.85,484.99,486.04,486.96,508.45,516.47,524.43,524.82,541.63,541.69,544.36,560,576.43,581.69,587.75,602.66,604.13,620.65,642.34,642.57,646.92,649.33,680.32,681.04,702.42 
5363
    Dist: 0.793000000000003
    Counts: 0.157999999999998
    Lorenz: 0.337
    Hist: 0.353000000000002
    SoS: 0.349999999999998
    CN: 1.473
Curr fixed:
5363 x 5363
All fixed:
160890 x 5363
=== 4 ===
AACCATGCAGTGCTCG.1	3.15	3.15,3.1,3.2,3.05,3.25,3,3.3,2.95,4.1,4.05,4.15,3.35,4,4.2,2.9,1.75,2.2,2.25,3.95,1.8,1.7,5.4,4.25,2.15,5.35,2.3,5.45,4.55,4.5,5.3,5.5,4.45,2.1,1.85,3.4,4.6,4.9,1.65,4.4,2.35,5.55,4.85,1.5,5.25,4.35,4.3,4.95,4.65,6,2.4,4.8,3.9,4.75,4.7,5.6,2.05,5.2,5,1.9,2.85,1.6,1.55,2.45,5.15,3.85,2,5.65,5.05,5.95,5.1,1.95,2.5,3.45,5.7,2.8,3.8,2.55,5.9,5.75,5.8,5.85,3.75,3.5,2.75,2.6,2.65,2.7,3.7,3.55,3.6,3.65	32.95,40.45,53.93,76.18,100.68,140.85,175.28,231.12,255.95,268.45,270.5,278.76,303.04,313.45,343.5,356.74,362.88,364.43,364.69,369.35,373.07,373.41,374.7,376.04,376.39,385.91,392.67,393.6,398.26,400.64,401.42,407.24,407.44,410.09,410.15,414.81,416.04,416.44,417.9,419.13,419.4,425.87,427.83,430.34,431.75,433.3,434.39,438.92,440.35,443.46,444.59,447.45,448.9,462.24,464.05,464.87,465.18,474.7,477.56,478.1,480.41,484.91,492.29,505.72,522.44,525.11,528.08,530.58,541.33,545.4,552.64,560.19,569.52,601.5,612.75,617.94,648.08,654.3,662,681.93,706.93,730.25,736.58,738.92,744.92,782.24,787.16,818.79,831.5,878.33,889 
5363
    Dist: 0.789000000000001
    Counts: 0.158000000000001
    Lorenz: 0.316999999999997
    Hist: 0.361000000000001
    SoS: 0.352
    CN: 1.469
Curr fixed:
5363 x 5363
All fixed:
160890 x 5363
=== 5 ===
AACTGGTGTTTCCGAA.1	3.15	3.15,3.2,3.1,3.25,3.05,3.3,3.35,3,3.4,4.35,4.4,4.3,4.45,2.95,2.2,2.25,4.25,4.5,1.5,2.3,4.2,4.15,2.35,2.15,4.55,4.1,5.25,5.4,5.2,5.15,1.75,5.35,5.3,3.45,2.4,4.05,1.7,5.45,4.6,5.1,2.1,5.5,1.8,1.55,5.55,1.65,1.85,5.05,2.9,1.6,2.05,5.6,4,4.65,5,2.45,1.9,4.95,4.8,2,4.85,4.75,4.9,1.95,3.5,4.7,5.65,6,3.95,5.95,2.5,2.85,5.9,5.7,3.55,3.9,5.85,5.8,5.75,2.55,3.85,2.8,3.6,3.8,2.75,2.6,3.65,3.75,3.7,2.65,2.7	113.57,119.69,134.63,149.51,180.1,194.66,248.85,253.35,322.08,335.51,339.27,342.72,344.29,350.26,361.75,362.26,362.39,363.01,367.94,368.64,372.97,377.27,379.15,380.79,380.89,388.8,399.25,402.99,403.66,403.96,406.23,407.25,412.59,413.35,413.56,413.88,416.74,417.16,417.95,420.25,420.45,420.99,421.86,424.87,425.8,439.47,443.6,444.95,445.06,446.63,453.2,455.83,462.96,463.92,468.63,470.33,472.35,472.84,475.77,477.41,483.72,484.4,484.71,484.9,487.71,491.08,500.64,501.41,507.96,527.66,548.68,551.01,554.32,558.92,564.14,564.24,579.24,602.46,611.62,634.89,635.81,641.83,649.28,706.53,709.15,714.74,716.07,725.32,728.28,745.37,757.88 
5363
    Dist: 0.792000000000002
    Counts: 0.137
    Lorenz: 0.392999999999997
    Hist: 0.353000000000002
    SoS: 0.347000000000001
    CN: 1.511
Curr fixed:
5363 x 5363
All fixed:
160890 x 5363
=== 6 ===
AACTTTCAGGCGACAT.1	3.1	3.1,3.05,3.15,3,3.2,2.95,3.25,2.9,6,3.3,4.1,4.05,4.15,4,2.85,5.95,4.2,4.4,4.45,4.35,1.75,3.95,1.7,1.8,4.25,4.5,4.3,2.1,2.15,2.05,5.35,2.2,1.65,5.4,1.85,3.35,4.8,3.9,4.85,5.3,4.55,4.9,5.25,2.25,4.75,2,5.45,5.9,4.95,2.3,4.7,5.2,1.9,5.15,4.65,2.35,1.6,2.8,1.5,4.6,3.85,5.5,5,5.1,1.95,2.4,5.05,1.55,5.55,3.4,2.45,5.85,3.8,5.6,2.75,5.8,2.5,5.7,5.65,3.75,5.75,3.45,2.7,3.7,2.55,2.65,2.6,3.5,3.65,3.55,3.6	26.6,32.88,48.63,67.45,99.74,130.31,179.47,221.13,251.06,285.38,294.89,297.68,316.14,324.39,339.41,341.09,342.27,353.35,354.26,355.81,361.93,363.5,372.84,378.79,378.96,380.66,385,385.64,393.42,399.94,405.18,409.34,412.05,412.96,414.76,415.75,415.9,415.98,417.51,418.67,432.44,432.45,435.53,436.26,436.8,441.97,442.9,448.09,449.02,452.64,456.74,462.97,464.64,466.38,469.06,473.17,476.37,478.6,479.94,482.18,483.97,485.57,487.71,488.99,493.92,506.29,515.45,529,546.3,549.39,564.23,571.79,571.86,620.33,625.37,640.55,649.6,655.89,658.84,660.66,663.52,677,730.45,744.93,752.03,769.99,778.01,799.48,808.23,847.45,857.22 
5363
    Dist: 0.788
    Counts: 0.140000000000001
    Lorenz: 0.326999999999998
    Hist: 0.430000000000003
    SoS: 0.351999999999997
    CN: 1.464
Curr fixed:
5363 x 5363
All fixed:
160890 x 5363
=== 7 ===
AACTTTCCATATCGCA.1	3.05	3.05,3.1,3,3.15,2.95,3.2,6,2.9,3.25,5.95,4,4.05,3.95,4.1,2.85,4.15,3.9,2.1,5.9,3.3,2.15,2.05,1.75,4.2,2.2,4.35,5.25,1.8,1.7,4.3,2,4.4,5.2,2.8,3.85,5.3,4.25,4.85,4.8,5.35,4.45,5.15,2.25,1.85,1.65,4.9,4.75,5.1,5.85,5.4,2.3,1.95,4.5,5.05,1.9,4.95,4.7,3.35,2.35,5.45,5,3.8,1.6,4.6,4.55,4.65,2.75,2.4,1.5,5.5,5.8,1.55,3.75,2.45,3.4,5.55,5.6,5.75,2.7,5.65,3.7,5.7,2.5,2.65,3.45,2.55,3.65,2.6,3.5,3.6,3.55	22.99,31.24,42.5,67.23,90.1,131.18,150.33,165.18,221.46,233.4,238.99,241.91,264.09,266.62,267.82,315.32,317.78,328.97,336.98,339.59,341.72,344.94,373.21,380.82,383.18,384.53,385.37,386.55,388.07,388.26,389.61,391.61,392.18,394.48,397.9,399.5,400.42,409.24,411.35,414.29,415.59,419.34,419.61,420.17,429.83,431.16,433.52,435.28,448.04,450.46,451.96,453.09,456.05,458.54,470.37,471.52,475.62,480.73,486.1,492.46,493.52,493.96,498.91,502.72,503.57,508.43,543.15,544.67,554.69,557.95,571.01,579.49,593.25,631.14,637.54,639.63,664.74,685.34,693.22,696.36,704.3,719.03,732.62,773.17,800.24,805.94,812.44,822.83,873.95,878.05,907.39 
5363
    Dist: 0.785000000000004
    Counts: 0.129999999999995
    Lorenz: 0.32
    Hist: 0.355000000000004
    SoS: 0.356999999999999
    CN: 1.466
Curr fixed:
5363 x 5363
All fixed:
160890 x 5363
=== 8 ===
AACTTTCGTGGTGCAA.1	3.05	3.05,3.1,3,3.15,2.95,3.2,3.25,2.9,4.05,4,4.1,6,3.95,4.15,3.3,2.85,4.2,2.1,3.9,2.15,2.05,1.8,5.95,1.75,1.85,2.2,4.85,4.9,2,4.25,5.25,1.7,4.8,5.2,5.3,1.9,5.35,4.95,3.35,3.85,2.25,4.75,4.3,4.35,5.15,5.4,4.4,1.95,2.8,5,1.65,4.7,2.3,4.45,5.1,5.05,5.45,5.9,2.35,4.65,4.5,3.8,2.4,5.5,1.6,4.55,3.4,5.85,4.6,2.75,1.5,5.55,5.8,1.55,2.45,3.75,5.75,5.7,5.65,5.6,2.7,3.45,3.7,2.5,2.65,2.6,3.65,2.55,3.5,3.6,3.55	57.62,61.46,81.65,92.07,133.61,138.09,202.06,212.62,229.08,234.65,244.37,248.8,267.94,272.27,293.94,318.39,325.44,328.1,329.02,337.36,345.9,352.35,353.35,357.93,367.67,370.91,379.73,385.94,387.98,388.84,389.29,389.69,393.08,398.49,398.97,407.31,409.04,411.79,413.15,414.6,418.33,422.82,426.29,427.9,428.21,432.13,432.98,440.14,443.16,448.26,449.68,453.52,454.06,457.31,460.81,473.26,475,476.81,482.13,496.88,502.67,518.43,534.34,536,536.25,548.75,554.48,559.51,564.12,589.34,603.61,603.82,608.47,613.6,613.9,615.91,616.26,626.88,656.3,668.65,688.2,714.49,716.16,716.76,738.8,769.3,798.08,801.99,867.07,885.11,939.7 
5363
    Dist: 0.800000000000004
    Counts: 0.103999999999999
    Lorenz: 0.326000000000001
    Hist: 0.359999999999999
    SoS: 0.359999999999999
    CN: 1.586
Curr fixed:
5363 x 5363
All fixed:
160890 x 5363
=== 9 ===
AAGGCAGTCTGGGACC.1	3.1	3.1,3.15,3.05,3.2,3,3.25,2.95,3.3,6,2.9,4.05,4.1,4,4.15,5.95,1.7,3.95,1.75,4.4,4.45,1.65,4.35,3.35,2.85,4.2,1.8,4.5,4.55,4.6,2.15,1.5,4.8,4.3,4.75,2.2,4.85,1.6,3.9,2.1,5.4,5.35,4.25,2.25,4.7,4.65,1.85,5.45,5.3,4.9,5.2,5.25,5.9,2.3,1.55,2.05,2.35,5.15,5.5,2.4,4.95,2.8,3.85,2,5.1,5.55,1.9,3.4,5,2.45,1.95,5.05,5.6,5.85,3.8,2.5,5.65,2.75,5.8,3.45,5.75,5.7,3.75,2.55,2.7,2.6,3.7,2.65,3.5,3.55,3.65,3.6	33.54,46.39,48.98,88.09,92.27,157.4,162.65,253.25,256.17,260.42,285.54,296.66,301.78,334.18,336.76,343.25,346.52,347.52,353.4,364.01,365.29,366.74,376.22,376.61,377.28,379.2,380.14,387.12,402.24,404.64,405.16,405.71,407.67,410.22,411.08,412.51,413.52,415.7,417.58,430.88,430.9,431.51,432.74,433.64,434.23,436.95,441.41,442.16,442.25,442.84,444.09,444.67,448.03,450.89,458.2,460.5,463.15,470.63,481.46,483.33,488.48,497.02,497.88,501.12,508.91,514.82,526.13,527.94,530.11,551.05,553.82,559.54,566.94,586.53,607.47,615.94,623.37,659.33,671.03,674.65,680.04,681.3,691.32,743.31,765.37,765.73,770.61,795.27,821.4,840.91,843.72 
5363
    Dist: 0.797000000000004
    Counts: 0.147999999999996
    Lorenz: 0.402000000000001
    Hist: 0.355000000000004
    SoS: 0.352999999999994
    CN: 1.471
Curr fixed:
5363 x 5363
All fixed:
160890 x 5363
=== 10 ===
AAGGTTCAGCTGCCCA.1	3.15	3.15,3.1,3.2,3.05,3.25,3,3.3,4.1,2.95,4.15,4.05,4.2,3.35,4,4.25,2.9,3.95,1.75,1.8,4.9,4.95,1.7,4.85,1.85,4.3,2.15,2.2,5,3.4,4.8,6,2.25,2.1,1.65,1.9,2.3,5.35,4.35,5.4,4.4,5.05,4.5,4.45,5.45,3.9,2.85,2.05,5.3,2.35,5.5,1.5,4.75,4.55,2.4,5.55,5.1,1.6,5.25,4.7,4.6,1.95,5.2,5.95,2,4.65,5.15,1.55,5.6,2.45,3.45,3.85,5.9,5.65,2.8,2.5,5.85,5.7,5.75,5.8,3.8,2.75,2.55,3.5,2.7,2.65,2.6,3.75,3.7,3.55,3.65,3.6	56.92,59.8,76.29,86.18,120.16,141.35,191.46,220.77,221.56,227.68,241.84,263.44,281.87,285.39,324.25,324.33,353.86,354.6,356.8,356.98,364.65,373.84,377.86,379.67,383.22,388.83,391.37,397.73,399.14,406.13,406.4,407.63,410.21,416.36,427.77,432.78,440.57,441.8,442.82,443.3,443.73,444.16,444.25,447.01,447.09,450.9,450.93,450.98,452.18,456.86,457.5,458.24,459.59,475.8,477.47,478.16,479.71,481.42,488.59,489.78,492.05,498.1,498.62,500.54,510.48,514.03,517.59,521.21,522.95,545.28,546.34,556.96,564.16,582.82,593.53,599.25,603.06,616.47,628.72,641.63,669.72,682.48,707.62,712.35,733.1,736.35,740.41,840.3,846.41,909.77,921.6 
5363
    Dist: 0.792000000000002
    Counts: 0.119999999999997
    Lorenz: 0.325000000000003
    Hist: 0.357999999999997
    SoS: 0.358000000000004
    CN: 1.475
Curr fixed:
5363 x 5363
All fixed:
160890 x 5363
=== 11 ===
AAGGTTCCATCCGTTC.1	3.05	3.05,3.1,3,3.15,2.95,3.2,2.9,3.25,4.05,4,6,4.1,4.15,3.95,4.2,4.25,2.85,5.95,4.3,3.3,2.15,4.35,3.9,2.1,2.2,5.15,5.2,5.3,5.25,4.4,2.05,5.1,5.35,2.25,5.9,1.75,1.8,1.7,5,5.05,2.3,4.45,5.4,2,3.85,4.95,2.8,1.85,2.35,1.65,1.95,4.5,1.9,5.45,4.9,3.35,4.55,5.85,4.85,2.4,4.8,3.8,5.5,1.6,4.6,1.5,4.75,2.75,4.65,4.7,5.55,5.8,1.55,2.45,3.4,5.75,5.6,3.75,5.65,2.7,5.7,2.5,3.45,3.7,2.65,2.55,3.5,3.55,2.6,3.65,3.6	58.51,60.3,83.43,90.01,135.94,148.19,215.71,232.3,262.42,263.82,264.59,287.36,292.55,293.91,294.85,313.79,316.75,319.08,330.29,343.64,344.81,345.53,347.55,351.94,363.33,372.89,374.47,375.34,375.4,379.57,379.81,384.89,385.37,391.51,392.12,396.6,407.64,412.14,412.78,413.49,415.1,415.73,416.85,421.15,424.75,431.56,432.88,440.29,450.97,453.51,454.46,456.17,458.43,462.82,472.38,479.77,486,488.18,504.71,505.56,515.04,520.1,520.52,522.61,527.8,530.7,547.78,549.14,565.45,569.71,573.58,575.12,577.77,586.62,587.41,633.2,633.64,635.03,665.39,666.38,670.45,687.38,692.93,750.2,770.19,771.07,794.62,826.71,828.1,835.8,859.52 
5363
    Dist: 0.813000000000002
    Counts: 0.116999999999997
    Lorenz: 0.331000000000003
    Hist: 0.425999999999995
    SoS: 0.352000000000004
    CN: 1.468
Curr fixed:
5363 x 5363
All fixed:
160890 x 5363
=== 12 ===
ACACCCTGTTTGTCTT.1	3.05	3.05,3,3.1,2.95,3.15,2.9,6,3.2,5.95,2.85,5.9,3.25,4,3.95,4.05,1.7,4.75,3.9,1.65,4.7,4.8,2.8,1.75,5.85,4.1,1.6,4.65,4.85,1.8,3.85,3.3,4.4,4.35,4.15,2.1,4.45,4.3,1.55,2.05,2.15,4.6,4.9,1.85,1.5,4.5,3.8,5.2,5.15,2.2,5.8,4.25,5.25,2,4.2,5.1,5.3,2.75,4.55,5.35,2.25,5.05,4.95,2.3,1.95,5.4,5,3.75,1.9,2.35,3.35,5.75,5.45,2.4,3.7,2.7,5.5,5.7,5.65,2.45,5.55,5.6,3.65,2.65,3.4,2.6,2.5,2.55,3.6,3.45,3.55,3.5	42.85,44.19,66.61,74.8,113.22,132.72,136.74,181.36,191.74,218.93,256.14,277.97,295.41,298.39,310.31,318.52,320.92,325.61,325.84,331.25,333.37,334.09,334.23,344.94,347.46,359.31,367.34,369.59,376.41,380.99,397.76,398.06,400.48,408.31,412.55,417.7,419.39,419.51,422.97,425.83,429.97,430.42,441.85,450.99,453.78,454.82,456.32,456.39,456.39,460.49,461.11,461.51,461.79,463.93,467.43,467.64,468.77,483.03,488.02,492.08,494.09,506.6,510.38,511.78,513.24,515.51,528.11,528.85,530.89,534.8,547.99,562.81,577.08,598.31,618.49,620.3,623.23,642.16,644.53,677.12,677.58,681.92,696.03,697.31,714.64,727.6,758.32,781.61,831.62,886.72,888.7 
5363
    Dist: 0.786999999999999
    Counts: 0.140999999999998
    Lorenz: 0.322000000000003
    Hist: 0.355999999999995
    SoS: 0.353000000000002
    CN: 1.477
Curr fixed:
5363 x 5363
All fixed:
160890 x 5363
=== 13 ===
ACAGCTAAGGAGTACC.1	3.15	3.15,3.1,3.2,3.05,3.25,3,3.3,2.95,4.1,4.05,4.15,3.35,4,4.2,2.9,5.45,5.5,4.5,4.55,2.2,2.15,5.4,4.45,3.95,2.25,5.35,5.55,4.25,4.6,1.75,2.1,1.8,2.3,1.7,5.3,3.4,4.4,2.35,1.5,5.6,4.9,4.85,4.65,1.85,2.4,1.65,5.25,2.05,4.95,4.8,3.9,4.35,4.3,2.85,6,4.7,2.45,4.75,1.9,5,1.55,1.6,5.65,5.2,2,2.5,3.45,3.85,5.05,1.95,5.15,5.7,5.95,5.1,2.8,3.8,2.55,5.75,5.9,3.5,5.8,3.75,2.6,5.85,2.75,2.7,2.65,3.7,3.55,3.6,3.65	28.85,33.22,51.44,65.74,97.91,125.98,170.69,214.34,243.54,256.73,258.55,270.23,296.86,301.17,327.88,338.28,339.7,342.87,346.64,352.96,356.2,359.08,360.47,362.71,366.14,367.34,368.52,369.91,376.76,379.63,385.41,390.38,391.44,393.87,394.49,397.64,401.45,404.76,414.51,420.15,421.06,425.62,426,426.47,427.22,435.11,442.3,443.34,444.21,448.65,453.08,457.97,462.89,464.92,466.58,473.18,474.13,474.77,483.39,489.5,490.15,494.27,497.35,504.8,527.02,547.1,552.97,557.73,560.79,567.99,583.22,592.11,607.93,621.33,627.2,644.61,645.04,679.04,717.95,729.7,732.91,747.42,761.54,761.7,781.5,801.77,804.32,845.24,856.37,888.56,901.78 
5363
    Dist: 0.808
    Counts: 0.150999999999996
    Lorenz: 0.333000000000006
    Hist: 0.357999999999997
    SoS: 0.362000000000002
    CN: 1.472
Curr fixed:
5363 x 5363
All fixed:
160890 x 5363
=== 14 ===
ACATGGTCAACACGTT.1	3	3,3.05,2.95,3.1,2.9,3.15,6,5.95,2.85,3.2,5.9,4,3.95,3.9,4.05,2.8,3.85,5.85,4.1,2.1,3.25,2.05,4.15,2.15,5.15,1.75,5.1,5.2,4.2,1.7,2,4.8,1.8,5.05,3.8,4.95,4.9,4.75,5,2.2,4.85,5.25,1.65,4.25,4.3,4.7,2.75,5.8,1.95,4.35,1.85,5.3,2.25,1.9,1.6,4.65,4.4,3.75,3.3,2.3,5.35,5.75,4.45,4.6,1.55,5.4,2.35,3.7,2.7,5.7,4.55,4.5,1.5,5.45,2.4,3.35,5.65,3.65,2.65,5.5,2.45,5.6,5.55,3.4,3.6,2.6,2.5,2.55,3.45,3.55,3.5	49.68,54.5,73.33,86.41,124.87,143.89,144.8,187.68,198.52,230.01,252.4,259.21,259.58,277.8,285.73,297.24,320.87,328.69,336.02,339.15,341.28,346.11,355.88,358.39,363.24,368.89,369.1,371.57,375.39,375.59,380.1,387.91,388.82,389.74,390.02,392.55,393.1,393.54,394.72,395.24,400.39,404.55,404.87,406.13,412.26,419.42,424.01,424.57,431.26,433.15,434.11,439.74,444.12,454.48,460.5,461.98,472.8,474.14,475.12,483.39,484.81,488.3,522.3,532.04,538.68,540.58,542.39,552.8,561.17,567.48,577.98,579.23,587.8,613.73,621.18,627.1,644.81,647.44,669.83,706.37,713.08,730.13,739.6,746.98,754.37,755.44,806.36,808.33,838.28,863.86,906.77 
5363
    Dist: 0.867000000000004
    Counts: 0.120000000000005
    Lorenz: 0.327999999999989
    Hist: 0.355000000000004
    SoS: 0.355000000000004
    CN: 1.49299999999999
Curr fixed:
5363 x 5363
All fixed:
160890 x 5363
=== 15 ===
ACCCACTCAGAGGCTA.1	3.15	3.15,3.1,3.2,3.05,3.25,3,3.3,2.95,4.1,4.15,4.05,3.35,4.2,2.9,4,4.25,1.75,2.15,1.8,2.2,1.7,2.25,3.95,4.7,4.75,2.1,4.65,4.35,4.4,4.8,4.6,2.3,6,1.85,4.45,4.9,1.65,3.4,4.3,4.85,4.5,4.95,4.55,1.5,2.35,5,5.35,2.05,5.4,1.6,5.45,5.3,1.9,2.85,1.55,5.25,2.4,3.9,5.2,5.95,5.05,5.5,5.15,2,5.6,5.1,5.65,5.55,1.95,2.45,5.7,5.75,5.9,3.45,3.85,5.8,5.85,2.8,2.5,3.8,2.55,2.75,3.5,3.75,2.6,2.65,2.7,3.7,3.55,3.6,3.65	61.37,63.31,85.69,92.04,137.49,147.01,215.75,230.59,293.15,296.59,307.44,311.7,320.9,340.24,340.97,365.06,368.6,378.45,379.32,380.26,380.62,391.34,398.47,403.38,404.73,404.91,406.74,411.24,411.71,412.51,412.64,414.39,414.45,415.01,417.05,417.48,419.92,421.99,422.03,424.52,426.04,427.81,433.82,437.3,438.46,442.43,450.08,450.32,451.12,455.5,457.1,460.78,460.9,465.22,465.73,465.86,468.12,470.98,477.47,484.29,484.46,487.09,489.36,495.07,506.65,506.71,509.95,517.41,517.86,519.28,532.72,542.08,543.98,551.95,557.03,564.56,583.63,587.62,597.41,642.91,661.28,703.11,705.74,709.66,713.59,732.64,742.7,764.83,783.01,802.15,806.72 
5363
    Dist: 0.792000000000002
    Counts: 0.12299999999999
    Lorenz: 0.326000000000008
    Hist: 0.355999999999995
    SoS: 0.356000000000009
    CN: 1.48699999999999
Curr fixed:
5363 x 5363
All fixed:
160890 x 5363
=== 16 ===
ACCGTAACAATAGGAT.1	3.1	3.1,3.15,3.05,3.2,3,3.25,2.95,3.3,4.15,4.1,4.2,4.05,4.25,2.1,2.9,2.15,2.05,4,3.35,2,4.3,2.2,1.9,1.95,5.2,5.25,1.85,5.15,5.3,1.8,4.35,5.1,5.05,2.25,1.75,6,5,3.95,5.35,2.85,1.7,4.9,4.4,4.95,5.95,4.85,5.4,4.55,2.3,4.6,3.4,4.65,4.45,4.5,4.8,3.9,4.7,5.45,5.9,1.65,2.8,4.75,5.5,5.6,2.35,5.65,5.55,5.7,3.85,1.5,3.45,2.4,5.85,5.75,1.6,1.55,5.8,2.45,2.75,3.8,2.5,3.5,2.7,2.55,3.75,3.55,2.6,2.65,3.6,3.65,3.7	63.1,65.48,89.16,97.1,139.98,157.75,220.32,243.79,255.05,260.75,268.16,287.68,305.63,320.95,322.08,331.19,332.57,342.65,356.05,356.07,363.53,366.6,375.55,376.58,387.5,387.52,389.38,397.29,399.81,400.15,400.9,407.95,410.25,410.38,411.16,417.31,420.18,420.19,422.84,431.17,446.11,452.64,453.35,454.54,456.5,458.65,460.61,465.73,466.55,467.6,474.28,474.9,475.63,476.07,486.8,495.66,497.95,502.62,506.19,507.38,521.68,521.89,534.14,536.88,536.91,537.27,538.48,548.51,555.28,560.42,566.3,569.06,569.88,574.55,579.12,592.8,597.63,609.13,612.8,627.36,651.69,655.66,671.71,688.51,703.82,719.19,724.04,737.18,754.67,784.28,788.65 
5363
    Dist: 0.801999999999992
    Counts: 0.0940000000000083
    Lorenz: 0.337000000000003
    Hist: 0.355999999999995
    SoS: 0.359999999999999
    CN: 1.482
Curr fixed:
5363 x 5363
All fixed:
160890 x 5363
=== 17 ===
ACGAGGAAGATTACCC.1	3.15	3.15,3.2,3.1,3.25,3.05,3.3,3,3.35,4.15,4.1,4.2,2.95,4.05,4.25,3.4,4,1.8,1.75,4.3,1.85,4.95,1.7,2.2,4.9,5,5.5,2.25,2.15,2.9,5.45,3.95,4.55,5.55,4.5,5.4,5.35,2.3,4.6,1.9,2.1,4.85,1.5,4.45,5.05,5.3,1.65,4.35,5.6,2.35,4.4,4.65,4.8,2.4,3.45,2.05,5.25,4.7,1.95,2.45,5.1,3.9,4.75,5.65,1.55,1.6,5.2,2,2.85,5.15,2.5,6,5.7,3.85,5.75,2.55,3.5,5.95,5.8,2.8,5.9,5.85,3.8,2.6,2.75,2.7,2.65,3.55,3.75,3.7,3.6,3.65	44.58,47.35,69.34,77.44,117.99,135.28,187.02,219.77,255.9,263.74,263.92,283.46,288.59,299.97,330.68,334.76,350.6,355.53,363.85,374.62,377.81,387.78,389.89,390.58,393.38,394.88,394.94,396.07,398.38,401.01,402.53,403.18,405,406.88,412.3,416.34,417.21,418.5,420.64,421.93,422.52,423.68,433.45,433.51,436.54,437.04,437.8,439.48,441.97,456.9,458.09,460.87,461.4,463.46,469.42,473.87,482.92,485.54,490.01,490.36,490.91,496.05,498.09,498.52,508.16,517.01,526.19,531.79,533.56,538.77,554.24,567.19,583.39,613,615.31,617.73,640.27,658.57,660.14,661.96,662.54,681.29,709.05,716.91,734.05,752.62,778.3,792.89,878.11,887.98,913.96 
5363
    Dist: 0.874000000000009
    Counts: 0.132999999999996
    Lorenz: 0.325000000000003
    Hist: 0.356999999999999
    SoS: 0.355999999999995
    CN: 1.476
Curr fixed:
5363 x 5363
All fixed:
160890 x 5363
=== 18 ===
ACGCCAGAGCTAGCCC.1	3.05	3.05,3.1,3,3.15,2.95,3.2,6,2.9,3.25,4,4.05,3.95,5.95,4.1,2.1,2.85,2.15,3.9,4.15,2.05,3.3,2.2,5.25,5.2,5.3,2.25,5.15,5.9,5.35,4.2,2,3.85,5.1,2.3,4.4,4.35,4.3,4.25,5.05,5.4,1.75,4.45,2.8,1.8,2.35,1.7,4.85,4.9,4.8,4.95,5,1.95,1.85,3.35,4.75,4.5,5.85,3.8,5.45,1.65,1.9,2.4,4.7,4.55,4.65,1.6,5.5,4.6,2.75,1.5,3.75,2.45,5.8,3.4,1.55,5.55,3.7,5.75,2.5,2.7,5.6,5.7,3.45,5.65,3.65,2.65,2.55,2.6,3.5,3.6,3.55	73.68,78.64,88.67,100.08,132.24,149.75,175.91,204.41,227.66,236.27,243.36,257.1,265.03,274.15,303.03,303.41,304.8,306.31,326.01,327.85,333.61,334.11,335.57,342.9,346.96,362.5,367.94,369.52,375.58,380.27,380.48,383.09,386.66,394.08,399.02,400.48,406.38,407.92,416.75,417.07,420.35,423.24,428.15,428.85,431.64,436.69,436.77,440.5,440.83,448.36,450.23,451.81,457.91,460.62,462.62,466.61,476.83,477.19,480.23,481.25,484.61,496.2,501,524.14,543.85,550.57,561.49,561.92,570.29,576.8,579.15,589.06,595.53,605.13,621.8,657.23,685.45,694.29,704.86,710.53,739.96,744.51,745.56,757.63,784.93,787.75,815.66,824.12,826.38,859.82,884.67 
5363
    Dist: 0.921000000000006
    Counts: 0.120999999999995
    Lorenz: 0.382999999999996
    Hist: 0.415000000000006
    SoS: 0.423999999999992
    CN: 1.70100000000001
Curr fixed:
5363 x 5363
All fixed:
160890 x 5363
=== 19 ===
ACGGAGACATCCTGGG.1	3.1	3.1,3.15,3.05,3.2,3,3.25,2.95,3.3,4.15,4.1,4.2,4.05,2.9,4,4.25,3.35,4.55,4.5,4.6,4.3,2.25,3.95,2.2,2.15,1.75,6,1.7,1.8,2.3,4.9,4.65,2.1,4.45,4.85,5.6,4.95,1.65,1.85,5.55,5.65,5.5,4.35,4.4,2.35,5.95,5.45,1.5,4.7,2.85,4.8,3.9,2.05,1.9,5,5.7,4.75,3.4,5.4,1.6,5.9,2.4,5.05,1.55,1.95,5.35,2,5.85,5.3,5.8,5.75,3.85,5.1,2.45,5.25,5.2,5.15,2.8,3.45,2.5,3.8,2.75,2.55,3.5,2.7,3.75,2.6,2.65,3.55,3.7,3.6,3.65	110.47,116.01,131.9,147.4,179.05,204.74,250.3,287.67,300.2,306.07,321.82,330.1,344.49,350.41,351.03,373.84,386.42,386.88,389.62,391.64,395.04,395.56,396.72,397.4,397.93,403.63,404.88,407.95,411.1,412.65,412.76,415.09,415.91,417.37,425.73,428.2,429.64,431.32,433.7,434.02,437.38,438.1,438.36,439.95,442.1,443.47,444.64,446.71,447.92,448.69,450.62,451.04,454.95,459.33,463.23,463.26,465.3,465.41,474.4,477.37,478.05,478.21,479.79,484.52,488.16,491.14,491.67,500.96,506.82,507.7,508.73,512.27,518.61,527.82,533.45,539.05,552.86,553.11,562.11,578.08,620.16,627.53,632.35,659.15,670.49,684.97,696.23,732.25,761.01,776.8,799.32 
5363
    Dist: 0.805999999999997
    Counts: 0.126999999999995
    Lorenz: 0.391000000000005
    Hist: 0.353999999999999
    SoS: 0.350000000000009
    CN: 1.49199999999999
Curr fixed:
5363 x 5363
All fixed:
160890 x 5363
=== 20 ===
ACGGGCTTCTCGTGGG.1	3	3,2.95,3.05,6,2.9,5.95,3.1,5.9,2.85,3.15,5.85,2.8,3.2,5.8,3.95,3.9,4,2.75,3.85,1.7,4.3,2.05,1.65,4.35,5.75,4.05,4.25,4.65,1.75,2,2.1,3.25,4.7,4.6,1.6,4.2,4.4,3.8,5.15,4.75,1.8,1.95,2.15,5.1,4.1,4.45,4.55,5.2,4.5,5.05,4.15,5,4.8,1.55,2.2,5.25,4.95,1.85,5.7,1.9,5.3,2.7,4.85,3.75,2.25,1.5,4.9,2.3,3.3,5.35,2.35,3.7,5.4,5.65,5.45,2.4,3.65,2.65,5.6,5.5,3.35,5.55,2.45,3.6,2.6,2.55,2.5,3.55,3.4,3.5,3.45	30.55,38.78,50.65,70.59,75.49,80.57,94.85,118.47,141.43,164.73,185.34,234.09,261.16,276.47,312.11,319.97,329.9,352.62,354.93,363.36,363.61,366.76,369.52,374.1,375.22,375.7,377.58,379.48,380.09,380.56,381.37,382.32,384.41,397.53,403.29,406.45,409.28,414.55,414.93,416.49,419.23,423.08,423.12,423.45,424.48,428.05,432.44,433.51,435.13,443.31,443.74,457.96,458.99,459.88,460.7,462.53,482.05,482.4,483.83,484.36,484.68,492.34,496.44,496.71,502.11,508.71,516.53,521.78,526.4,530.94,560.94,562.71,582.44,602.49,622.15,626.52,633.26,644.58,656.54,660.58,684.09,689.52,714.62,718.29,734.38,762.51,765.42,789.76,797.81,830.12,835.36 
5363
    Dist: 0.790000000000006
    Counts: 0.108999999999995
    Lorenz: 0.335999999999999
    Hist: 0.353999999999999
    SoS: 0.358000000000004
    CN: 1.467
Curr fixed:
5363 x 5363
All fixed:
160890 x 5363
=== 21 ===
ACGGGTCAGTCGCCGT.1	3.15	3.15,3.2,3.1,3.25,3.05,3.3,3,3.35,2.95,4.1,4.15,4.05,4.2,3.4,4,2.2,5.45,1.75,5.4,4.25,1.8,2.25,2.15,5.5,2.3,1.7,4.55,4.6,5.35,4.5,2.35,2.9,1.85,4.65,1.5,5.55,4.3,3.95,2.1,4.45,4.7,2.4,4.95,1.65,4.9,4.35,4.85,5.6,4.75,4.4,5,5.3,4.8,1.55,1.9,2.45,2.05,5.65,1.6,3.45,3.9,5.05,5.25,5.1,5.15,5.2,1.95,2,2.5,5.7,2.85,6,3.85,5.75,2.55,5.95,3.5,5.8,5.9,2.8,3.8,2.6,5.85,3.55,2.75,2.65,3.75,2.7,3.6,3.7,3.65	38.98,47.6,57.18,84.05,104.17,147.87,178.66,234.9,279.56,282.94,289.32,302.62,317.22,344.68,345.78,360.13,360.28,363.33,364.33,368.26,371.31,373.02,376.05,376.18,378.24,382.84,387.16,387.77,394.4,397.22,398.65,399.94,400.54,403.68,405.17,406.25,410.23,410.69,416.31,418.24,427.13,427.8,428.62,428.9,433.07,433.99,437.79,438.1,439.89,440.89,446.69,448.37,453.81,457.59,458.09,471.95,476.78,477.94,481.13,481.2,483.22,485.15,486.21,495.29,501.59,508.66,528.13,536.12,538.22,541.13,547.53,556.07,577.34,607.53,622.38,622.71,632.28,670.08,674.97,682.59,694.89,707.08,708.47,749.71,766.45,776.99,784.63,802.24,823.33,830.74,850.17 
5363
    Dist: 0.798000000000002
    Counts: 0.132999999999996
    Lorenz: 0.329999999999998
    Hist: 0.364999999999995
    SoS: 0.363
    CN: 1.473
Curr fixed:
5363 x 5363
All fixed:
160890 x 5363
=== 22 ===
ACGTCAAAGAGCCCAA.1	3.1	3.1,3.15,3.05,3.2,3,3.25,2.95,3.3,2.9,4.15,4.05,4.1,4.2,4,6,2.15,4.25,1.75,2.2,2.1,1.8,1.7,3.95,4.95,3.35,2.25,4.9,5,2.85,2.05,1.85,4.4,5.2,4.3,4.35,5.25,5.95,1.65,4.85,3.9,5.35,5.05,4.45,5.15,5.3,2.3,5.4,1.9,4.8,4.5,2,5.1,4.75,4.55,4.7,4.65,5.45,1.95,3.4,1.5,2.35,4.6,1.6,3.85,5.9,2.8,1.55,5.5,2.4,3.8,5.85,2.45,5.55,5.8,3.45,5.75,5.7,5.65,2.75,5.6,3.75,2.5,2.7,3.5,2.55,3.7,2.65,2.6,3.65,3.55,3.6	59.68,68.88,77.77,106.63,120.52,172.8,189.34,264.95,286.74,308.78,313.74,317.12,323.64,334.22,338.66,358.83,359.59,359.81,366.23,369.71,371.26,375.15,377.71,382.96,383.94,386.03,390.3,394.03,403.71,408.24,408.41,409.19,410.02,415.05,416.49,416.51,416.53,416.69,420.63,424.33,424.56,425.88,426.48,428.03,428.34,430.52,436.69,437.65,437.83,441.87,446.12,455.66,458.21,460.69,462.23,467.71,468.32,473.83,479.13,479.95,481.45,482.02,483.67,484.24,502.47,511.03,518.71,522.54,528.18,559.29,572.92,574.82,580.57,586.26,586.35,594.06,599.72,620.5,630.62,638.01,646.59,649.69,696.72,713.95,741.89,747.04,758.66,772.71,811.51,813.29,831.19 
5363
    Dist: 0.865000000000009
    Counts: 0.128999999999991
    Lorenz: 0.323999999999998
    Hist: 0.349000000000004
    SoS: 0.350999999999999
    CN: 1.46600000000001
Curr fixed:
5363 x 5363
All fixed:
160890 x 5363
=== 23 ===
ACTATCTGTAAACCTC.1	3.05	3.05,3.1,3,3.15,2.95,3.2,2.9,6,4,3.95,4.05,4.1,3.9,3.25,5.95,4.15,2.1,2.85,2.15,2.05,3.85,2.2,4.2,2,5.2,5.25,2.25,5.15,1.75,4.25,5.3,1.8,5.9,5.35,1.7,1.85,3.8,5.1,1.95,2.3,4.3,1.9,3.3,2.8,4.35,5.05,5,4.4,4.95,5.4,4.9,1.65,4.45,4.85,2.35,5.85,4.5,5.45,4.55,3.75,4.8,4.6,4.75,5.8,1.6,4.65,2.4,4.7,5.5,3.35,2.75,5.6,5.55,5.75,5.65,1.5,5.7,1.55,3.7,2.45,2.7,3.4,3.65,2.5,2.65,2.55,3.6,3.45,2.6,3.55,3.5	109.31,116.87,125.7,151.61,165.25,214.35,233.18,245.11,263.91,267.96,274.06,285.17,296.02,305.93,308.97,313,319.82,320.28,327.44,332.52,340.92,344.54,350.73,367.26,370.46,379.09,379.29,383.8,384.96,385.93,387.25,387.64,391.79,405.91,409.7,410.44,410.75,411.73,418.52,419.93,421.72,423.01,424.36,426.26,427.26,430.46,436.81,440.84,445.51,447.79,457.3,457.57,464.44,476.43,477.03,480.22,486.55,493.53,497.54,501.04,504.37,510.84,525.08,530.22,530.23,532,537.99,541.16,542.32,546.8,549.85,563.76,566.1,574.87,576.35,576.94,588.65,590.78,598.94,619.57,646.65,662.69,686.74,697.04,724.43,739.53,740.93,760.86,765.43,788.09,810.81 
5363
    Dist: 0.814999999999998
    Counts: 0.123999999999995
    Lorenz: 0.329999999999998
    Hist: 0.352000000000004
    SoS: 0.359999999999999
    CN: 1.48
Curr fixed:
5363 x 5363
All fixed:
160890 x 5363
=== 24 ===
ACTGAGTCATAGAGCG.1	3.05	3.05,3.1,3,3.15,3.2,2.95,3.25,3.3,4.05,4.15,4.1,4.2,4,2.9,2.2,4.25,2.15,2.25,5.2,5.15,3.95,4.3,3.35,2.3,2.1,4.35,5.25,5.5,5.1,5.45,1.75,1.85,1.8,1.7,5.55,5.35,1.9,5.4,2,2.05,2.35,3.9,5.3,4.4,5.7,1.65,1.95,5.05,5.65,5.6,5,2.85,5.75,1.6,1.5,4.95,3.4,4.8,4.9,4.75,6,1.55,4.85,3.85,2.4,4.45,5.95,5.8,4.7,5.9,3.8,4.65,2.8,5.85,4.5,4.55,3.45,4.6,3.75,2.45,2.75,3.7,2.7,3.5,2.5,3.55,3.65,3.6,2.65,2.6,2.55	195.32,195.62,222.36,223.36,249.43,276.85,280.57,324,327.18,328.7,330.41,340.64,342.89,356.86,362.71,363.71,368.13,375.89,379.78,382.18,384.07,386.57,393.02,394.12,397.98,398.63,399.07,406.74,406.93,408.76,414.94,414.96,415.51,419.25,419.27,420.48,422.39,422.42,424.32,425.41,425.89,429.18,431.96,434.14,436.12,436.76,437.38,437.59,443.95,446.46,447.12,451.69,453.61,457.55,457.92,458.49,462.88,462.93,469.59,470.33,470.34,470.8,470.85,473,482.43,484.04,484.67,485.09,486.35,505.36,506.02,509.65,510.95,516.84,529.88,540.26,543.84,544.02,564.42,567.22,578.29,625.22,625.63,630.67,642.47,648.68,651.35,651.7,662.53,679.9,684.91 
5363
    Dist: 0.795000000000002
    Counts: 0.138000000000005
    Lorenz: 0.389999999999986
    Hist: 0.368000000000009
    SoS: 0.364999999999995
    CN: 1.47500000000001
Curr fixed:
5363 x 5363
All fixed:
160890 x 5363
=== 25 ===
ACTGAGTGTTGTTCAG.1	3	3,3.05,2.95,3.1,6,2.9,3.15,5.95,3.2,2.85,5.9,5.85,3.25,2.8,3.95,3.9,4,4.7,4.65,1.65,1.7,4.75,3.85,1.6,4.05,2.1,4.6,4.4,2.15,1.75,4.35,4.8,4.45,2.05,5.25,5.3,5.8,2.2,4.55,5.2,3.8,4.5,1.55,5.35,5.15,4.3,2.25,3.3,1.8,2.75,4.1,2.3,2,5.1,1.5,5.4,4.85,2.35,3.75,4.25,5.05,5.45,1.85,2.4,4.15,1.95,5.75,4.9,4.2,5,3.7,4.95,5.5,1.9,2.45,3.35,2.7,5.7,5.55,3.65,5.65,5.6,2.5,3.6,2.65,2.6,2.55,3.4,3.55,3.45,3.5	21.97,22.74,50.56,52.56,78.24,107.6,110.05,123.69,192.69,194.35,195.98,295.45,303.46,309.55,313.09,325.55,329.5,339.79,348.47,351.51,357.04,357.59,363.52,374.82,375.62,382.56,385.63,386.45,387.32,388.95,400.03,400.49,401.1,404.43,406.87,409.1,412.27,413.61,416.63,418.19,419.67,420.32,424.7,429.03,431.95,437.86,438.03,441.59,444.16,446.89,450.56,452.99,453.5,454.22,460.9,461.95,472.31,476.59,488.35,495.97,498.02,521.53,522.78,526.19,526.77,531.34,531.67,542.23,544.49,549.64,562.54,576.67,578.46,597.24,603.08,603.37,606.27,617.2,620.97,629.68,651.34,659.16,690.37,713.33,720.73,722.67,724.51,768.15,810.66,855.36,859.88 
5363
    Dist: 0.786000000000001
    Counts: 0.150000000000006
    Lorenz: 0.330999999999989
    Hist: 0.359000000000009
    SoS: 0.356999999999999
    CN: 1.477
Curr fixed:
5363 x 5363
All fixed:
160890 x 5363
=== 26 ===
ACTTACTCACGAGTTT.1	3.15	3.15,3.2,3.1,3.05,3.25,3,3.3,3.35,4.2,2.95,4.25,5,4.95,4.15,5.05,4.3,5.1,4.9,2.2,2.15,1.9,1.85,4.1,1.8,3.4,1.95,5.15,1.75,4.35,4.85,2.25,5.2,2.1,2,2.05,1.7,2.9,5.25,6,4.8,1.65,5.3,2.3,5.95,4.05,5.9,4.4,1.6,5.35,4.75,1.55,1.5,5.85,3.45,5.8,5.75,4.7,5.7,2.85,4,5.4,2.35,3.95,4.45,3.9,4.65,5.65,2.8,3.85,5.45,3.5,4.5,4.6,5.6,4.55,5.5,2.4,5.55,2.75,3.8,3.55,3.75,3.6,2.7,3.7,3.65,2.45,2.65,2.5,2.6,2.55	238.15,244.73,245.95,256.6,267.88,292.15,302.93,340.27,351.39,353.59,355.9,359.05,359.72,362.4,364.49,367.43,372.15,380.74,381.46,382.37,388.42,388.6,389.02,390.4,392.71,395.15,395.71,396.96,398.06,398.09,398.41,400.4,400.55,403.18,406.89,412.27,415.02,415.19,416.8,420.29,420.99,427.54,428.02,428.19,428.28,433.63,437.16,442.17,444.04,454.79,455.73,456.26,457.78,462.4,468.52,469.34,473.74,474.99,477.73,479.03,480.18,481.55,492.92,497.29,500.86,502.75,504,515.1,517.32,518.11,519.24,524.98,527.9,535.72,538.02,541.28,542.6,544.2,546.84,552.57,560.98,569.46,569.93,583.21,583.61,583.63,585.71,619.3,631.82,634.98,649.37 
5363
    Dist: 0.816000000000003
    Counts: 0.119
    Lorenz: 0.379000000000005
    Hist: 0.369
    SoS: 0.359999999999999
    CN: 1.485
Curr fixed:
5363 x 5363
All fixed:
160890 x 5363
=== 27 ===
ACTTGTTTCTGGGATT.1	3.05	3.05,3.1,3,3.15,2.95,3.2,2.9,6,3.25,4.05,2.85,4,5.95,4.1,3.95,4.8,1.7,4.15,3.3,4.75,1.75,4.85,1.65,1.8,4.7,4.2,3.9,5.9,4.9,1.6,2.8,1.85,4.45,4.25,4.4,2.1,4.65,2.05,2.15,4.35,4.95,4.5,5.85,4.3,3.85,1.5,2.2,1.55,4.55,2,3.35,4.6,1.9,5,5.8,5.2,2.25,5.25,5.05,1.95,5.15,5.3,5.4,5.45,5.75,5.1,5.35,2.3,2.75,5.5,3.8,2.35,5.7,2.4,5.55,3.75,3.4,2.7,5.6,5.65,2.45,3.7,2.65,2.5,2.6,2.55,3.45,3.65,3.5,3.6,3.55	54.66,67.25,69.57,100.2,113.61,156.18,186.61,219.52,238.27,277,281.06,286.41,292.92,294.85,319.92,327.62,331.46,333.72,337.03,338.69,339.41,344.73,348.42,367.47,372.93,374.12,375.51,382.8,386.91,393.12,393.47,410.53,413.29,413.59,414.75,419.56,422.63,428.58,430.14,430.32,431.16,431.21,435.26,447.88,449.33,450.25,458.15,459.64,461.49,461.66,462.49,464.95,470.9,472.66,475.95,491.85,495.61,498.8,500.32,503.02,503.23,516.1,517.44,521.07,523.92,524.34,524.36,527.07,527.39,538.68,539.66,541.58,568.07,573.57,580.49,590.54,604.15,610.47,612.74,620.2,621.34,656.34,658.91,678.67,697.04,732.42,737.6,744.65,841.22,852.44,900.72 
5363
    Dist: 0.861999999999995
    Counts: 0.116
    Lorenz: 0.320999999999998
    Hist: 0.362000000000009
    SoS: 0.356999999999999
    CN: 1.464
Curr fixed:
5363 x 5363
All fixed:
160890 x 5363
=== 28 ===
ACTTTCAAGGTGCAAC.1	2.95	2.95,3,3.05,2.9,6,3.1,5.95,2.85,3.15,5.9,3.2,2.8,4.05,4,4.1,4.25,3.95,4.15,4.3,5.85,4.2,4.35,3.25,1.75,1.7,3.9,1.65,4.4,1.8,2.75,5.3,4.45,5.8,3.85,5.25,1.6,5.35,1.85,5.2,2,4.5,2.05,5.4,1.95,3.3,5.15,1.9,4.65,4.55,3.8,4.7,4.6,2.1,5.1,1.55,2.7,5.75,4.75,5.45,1.5,5.05,4.8,2.15,5,2.25,2.3,4.85,2.2,4.9,4.95,5.5,3.75,2.35,5.7,3.35,2.65,2.4,5.55,5.65,2.45,5.6,3.7,2.6,2.5,2.55,3.4,3.65,3.45,3.6,3.5,3.55	136.18,140.36,156.62,160.71,171.14,185.29,199.73,208.32,211.58,253.55,265.56,274.81,299.57,303.73,317.87,321.18,325.53,328.61,329.49,329.67,333.66,336.29,343.99,344.17,344.23,358.6,361.16,364.86,367.32,369.37,400.52,401.01,401.77,403.41,405.9,406.79,414.77,415.78,426.97,428.03,438.79,439.12,440.9,441.06,448.08,451.83,452.64,458.73,459.19,461.7,463.38,464.26,465.15,466.53,468.31,474.26,479.93,481.74,481.87,491.7,494,497.66,511.72,518.8,528.52,529.38,529.92,531.58,533.2,537.69,537.99,539.47,550.96,552.98,573.66,578.45,585.62,585.67,589.27,619.68,620.24,627.5,640.3,658.06,671.13,681.81,692.93,751.62,767.07,796.74,811.5 
5363
    Dist: 0.784999999999997
    Counts: 0.138000000000005
    Lorenz: 0.337000000000003
    Hist: 0.353999999999999
    SoS: 0.391000000000005
    CN: 1.524
Curr fixed:
5363 x 5363
All fixed:
160890 x 5363
=== 29 ===
ACTTTCAGTTAAGATG.1	3.05	3.05,3.1,3,3.15,2.95,3.2,2.9,3.25,4.25,4.3,6,4.2,5.95,4.35,4.15,5.9,2.85,4.1,4.4,5.85,2.15,3.3,2.1,5.1,4.05,2.2,5.05,4,2.05,5.15,4.45,3.95,5,2,2.25,5.2,1.75,1.95,1.8,5.8,4.5,5.25,4.95,1.7,2.3,1.9,2.8,3.9,5.3,1.85,4.55,3.35,4.9,1.65,2.35,5.35,5.4,4.85,4.6,3.85,1.6,1.5,5.75,4.75,4.8,2.4,5.45,2.75,4.65,4.7,3.4,1.55,3.8,5.5,5.7,5.65,2.45,5.55,5.6,2.7,3.75,3.45,2.5,3.5,3.7,2.65,3.55,2.55,3.65,3.6,2.6	117.54,119.8,137.99,144.97,186.19,193.49,257.26,268.13,284.12,288.51,300.85,303.05,305.91,318.83,320.84,324.8,345.16,358.77,359.97,360.42,365.15,366.38,369.75,376.14,378.63,380.44,381.2,382.03,383.36,387.22,397.39,402.47,406.67,407.41,408.84,411.82,416.31,418.06,422.94,423.81,426.18,427.05,432.51,435.09,437.53,438.56,439.35,440.12,443.06,451.93,462.45,462.73,462.94,465.71,466.55,470.26,491.02,491.21,492.05,492.92,501.81,502.24,508.95,510.79,513.91,520.96,522.29,522.73,522.81,522.97,533.41,540.18,557.64,566.59,571.83,587.2,590.28,608.69,611.08,611.23,612.38,612.53,666.62,669.58,675.09,699.24,723.15,738.26,740.06,753.02,778.3 
5363
    Dist: 0.807000000000016
    Counts: 0.108000000000004
    Lorenz: 0.328000000000003
    Hist: 0.371999999999986
    SoS: 0.396000000000015
    CN: 1.482
Curr fixed:
5363 x 5363
All fixed:
160890 x 5363
=== 30 ===
AGACGTTCATAACAAG.1	2.95	2.95,2.9,3,2.85,3.05,2.8,3.1,5.9,5.95,5.85,2.75,5.8,6,5.75,1.65,1.6,3.15,1.7,4.65,5.7,4.6,4.7,3.95,1.55,3.9,2.7,4.55,4.75,1.75,4.5,4,3.85,4.45,4.05,4.4,5.65,4.8,1.5,3.8,4.1,1.8,4.35,3.2,4.85,2,5.6,2.05,3.75,4.15,4.9,1.95,4.95,5.55,2.1,4.25,4.3,5,1.85,4.2,2.65,1.9,5.05,3.7,5.5,2.15,5.1,3.65,5.45,2.2,5.4,3.25,2.6,3.6,5.15,5.35,2.25,3.55,5.2,2.55,2.3,5.3,5.25,2.5,3.3,2.35,3.5,2.45,2.4,3.45,3.4,3.35	82.12,89.68,100.95,124.35,148.06,178.04,223.93,236.53,243.97,244.6,255.38,263.18,270.35,306.41,309.74,320.33,323.45,328.44,342.44,343.3,350.24,353.67,355.69,355.72,355.94,361.7,366.24,369.93,373.35,374.67,375.63,376.58,380.57,388.92,391.61,392.24,395.18,398.36,404.72,422.09,423.41,428.91,433.99,434.29,435.09,436.14,441.43,443.6,444.9,450.78,454.43,457.31,460.88,462.59,463.55,464.04,465.14,465.76,466.63,472.42,477.8,483.05,486.21,490.01,493.65,521.89,524.2,533.49,544.26,549.72,561.9,562.11,564.28,566.8,587.38,591.47,615.76,623.91,626.21,627.7,633.9,652.97,666.21,668.27,671.72,677.63,689.98,709.65,731.02,753,754.62 
5363
    Dist: 0.806999999999988
    Counts: 0.125
    Lorenz: 0.391999999999996
    Hist: 0.360000000000014
    SoS: 0.353000000000009
    CN: 1.52699999999999
Curr fixed:
5363 x 5363
All fixed:
160890 x 5363
null device 
          1 
