CHR	START	END	sim100	sim20	sim50
chr1	1	1838219	1	1	1
chr1	1838220	2955412	0	0	0
chr1	2955413	4126006	0	0	0
chr1	4126007	5151267	0	0	0
chr1	5151268	6170743	0	0	0
chr1	6170744	7193531	0	0	0
chr1	7193532	8219030	0	0	0
chr1	8219031	9243821	1	1	1
chr1	9243822	10266954	0	0	0
chr1	10266955	11289990	0	0	0
chr1	11289991	12310183	0	0	0
chr1	12310184	14159092	0	0	0
chr1	14159093	15181512	0	0	0
chr1	15181513	16202316	0	0	0
chr1	16202317	17466672	0	0	0
chr1	17466673	18481381	0	0	0
chr1	18481382	19492085	1	0	0
chr1	19492086	20512426	0	0	0
chr1	20512427	21536259	0	0	0
chr1	21536260	22592935	0	0	0
chr1	22592936	23607670	0	0	0
chr1	23607671	24637851	0	0	0
chr1	24637852	25715278	0	0	0
chr1	25715279	26753515	0	0	0
chr1	26753516	27788744	0	0	0
chr1	27788745	28815047	0	0	0
chr1	28815048	29841570	0	0	0
chr1	29841571	31021008	0	0	0
chr1	31021009	32043014	0	0	0
chr1	32043015	33064669	0	0	0
chr1	33064670	34091838	0	0	0
chr1	34091839	35132832	0	0	0
chr1	35132833	36159085	0	0	0
chr1	36159086	37178574	0	0	0
chr1	37178575	38199894	0	0	0
chr1	38199895	39224199	0	0	0
chr1	39224200	40276664	0	0	0
chr1	40276665	41307853	0	0	0
chr1	41307854	42332874	0	0	0
chr1	42332875	43364278	0	0	0
chr1	43364279	44389355	0	0	0
chr1	44389356	45407250	0	0	0
chr1	45407251	46455150	0	0	0
chr1	46455151	47535735	0	0	0
chr1	47535736	48592176	0	0	0
chr1	48592177	49642129	0	0	0
chr1	49642130	50698588	0	0	0
chr1	50698589	51726868	0	0	0
chr1	51726869	52759771	0	0	0
chr1	52759772	53781756	1	0	0
chr1	53781757	54799675	0	0	0
chr1	54799676	55828323	0	0	0
chr1	55828324	56861232	1	1	1
chr1	56861233	57876994	0	0	0
chr1	57876995	58914907	0	0	0
chr1	58914908	59951704	0	0	0
chr1	59951705	61004774	0	0	0
chr1	61004775	62028341	0	0	0
chr1	62028342	63054282	0	0	0
chr1	63054283	64085646	0	0	0
chr1	64085647	65112775	0	0	0
chr1	65112776	66156360	0	0	0
chr1	66156361	67193090	0	0	0
chr1	67193091	68229151	0	0	0
chr1	68229152	69258007	0	0	0
chr1	69258008	70301004	0	0	0
chr1	70301005	71346000	1	1	1
chr1	71346001	72382510	0	0	0
chr1	72382511	73404572	0	0	0
chr1	73404573	74430786	0	0	0
chr1	74430787	75475829	0	0	0
chr1	75475830	76531960	0	0	0
chr1	76531961	77565533	1	1	1
chr1	77565534	78592781	0	0	0
chr1	78592782	79631492	0	0	0
chr1	79631493	80674840	0	0	0
chr1	80674841	81713706	0	0	0
chr1	81713707	82743030	0	0	0
chr1	82743031	83963739	0	0	0
chr1	83963740	84992457	0	0	0
chr1	84992458	86011133	0	0	0
chr1	86011134	87068467	0	0	0
chr1	87068468	88108293	0	0	0
chr1	88108294	89126368	0	0	0
chr1	89126369	90175174	0	0	0
chr1	90175175	91215198	0	0	0
chr1	91215199	92262771	0	0	0
chr1	92262772	93304359	0	0	0
chr1	93304360	94346288	1	1	1
chr1	94346289	95378984	0	0	0
chr1	95378985	96401446	0	0	0
chr1	96401447	97450981	0	0	0
chr1	97450982	98478170	0	0	0
chr1	98478171	99507132	0	0	0
chr1	99507133	100544049	0	0	0
chr1	100544050	101577321	0	0	0
chr1	101577322	102598914	0	0	0
chr1	102598915	103650131	0	0	0
chr1	103650132	105049744	0	0	0
chr1	105049745	106094744	0	0	0
chr1	106094745	107132294	0	0	0
chr1	107132295	108151647	0	0	0
chr1	108151648	109385442	0	0	0
chr1	109385443	110427654	0	0	0
chr1	110427655	111444094	0	0	0
chr1	111444095	112475794	1	1	1
chr1	112475795	113520629	0	0	0
chr1	113520630	114566650	0	0	0
chr1	114566651	115601812	0	0	0
chr1	115601813	116630892	0	0	0
chr1	116630893	117676791	0	0	0
chr1	117676792	118713450	0	0	0
chr1	118713451	119780008	0	0	0
chr1	119780009	146163500	0	0	0
chr1	146163501	147831367	0	0	0
chr1	147831368	150467735	0	0	0
chr1	150467736	151497702	0	0	0
chr1	151497703	152557186	0	0	0
chr1	152557187	153611159	0	0	0
chr1	153611160	154637619	0	0	0
chr1	154637620	155693574	0	0	0
chr1	155693575	156725835	0	0	0
chr1	156725836	157761078	0	0	0
chr1	157761079	158809904	0	0	0
chr1	158809905	159877995	0	0	0
chr1	159877996	160912574	0	0	0
chr1	160912575	162068142	0	0	0
chr1	162068143	163116964	0	0	0
chr1	163116965	164156355	0	0	0
chr1	164156356	165189976	0	0	0
chr1	165189977	166230380	0	0	0
chr1	166230381	167267340	0	0	0
chr1	167267341	168286416	0	0	0
chr1	168286417	169332276	0	0	0
chr1	169332277	170373693	1	0	0
chr1	170373694	171409444	0	0	0
chr1	171409445	172454038	0	0	0
chr1	172454039	173496569	0	0	0
chr1	173496570	174546587	0	0	0
chr1	174546588	175598736	0	0	0
chr1	175598737	176639532	1	0	0
chr1	176639533	177674855	0	0	0
chr1	177674856	178707793	0	0	0
chr1	178707794	179751915	0	0	0
chr1	179751916	180783321	0	0	0
chr1	180783322	181811724	0	0	0
chr1	181811725	182834789	0	0	0
chr1	182834790	183864148	0	0	0
chr1	183864149	184894726	0	0	0
chr1	184894727	185945333	0	0	0
chr1	185945334	186978511	0	0	0
chr1	186978512	188024092	0	0	0
chr1	188024093	189049882	0	0	0
chr1	189049883	190084201	0	0	0
chr1	190084202	191110167	0	0	0
chr1	191110168	192133242	0	0	0
chr1	192133243	193165353	0	0	0
chr1	193165354	194199259	1	1	1
chr1	194199260	195228780	0	0	0
chr1	195228781	196262120	0	0	0
chr1	196262121	197348168	0	0	0
chr1	197348169	198392364	0	0	0
chr1	198392365	199409392	0	0	0
chr1	199409393	200440964	0	0	0
chr1	200440965	201464151	0	0	0
chr1	201464152	202527183	0	0	0
chr1	202527184	203557234	0	0	0
chr1	203557235	204577071	0	0	0
chr1	204577072	205594776	0	0	0
chr1	205594777	207096400	0	0	0
chr1	207096401	208178277	0	0	0
chr1	208178278	209198031	0	0	0
chr1	209198032	210226253	0	0	0
chr1	210226254	211267376	0	0	0
chr1	211267377	212296426	0	0	0
chr1	212296427	213336502	0	0	0
chr1	213336503	214361526	0	0	0
chr1	214361527	215384284	0	0	0
chr1	215384285	216416371	0	0	0
chr1	216416372	217431882	0	0	0
chr1	217431883	218460053	0	0	0
chr1	218460054	219482536	0	0	0
chr1	219482537	220539233	0	0	0
chr1	220539234	221564790	0	0	0
chr1	221564791	222593283	0	0	0
chr1	222593284	223680667	0	0	0
chr1	223680668	224883376	0	0	0
chr1	224883377	225925914	0	0	0
chr1	225925915	226950315	0	0	0
chr1	226950316	227992173	0	0	0
chr1	227992174	229071640	0	0	0
chr1	229071641	230094946	0	0	0
chr1	230094947	231114192	0	0	0
chr1	231114193	232143372	0	0	0
chr1	232143373	233169386	0	0	0
chr1	233169387	234195081	0	0	0
chr1	234195082	235288168	0	0	0
chr1	235288169	236313777	0	0	0
chr1	236313778	237349171	0	0	0
chr1	237349172	238373937	0	0	0
chr1	238373938	239392159	0	0	0
chr1	239392160	240417216	0	0	0
chr1	240417217	241436609	0	0	0
chr1	241436610	242496065	1	1	1
chr1	242496066	243722048	0	0	0
chr1	243722049	244752401	0	0	0
chr1	244752402	245773906	0	0	0
chr1	245773907	246817227	0	0	0
chr1	246817228	247872779	0	0	0
chr1	247872780	249250621	0	0	0
chr2	1	1047047	1	1	1
chr2	1047048	2102592	0	0	0
chr2	2102593	3128518	0	0	0
chr2	3128519	4218643	0	0	0
chr2	4218644	5351322	0	0	0
chr2	5351323	6379665	0	0	0
chr2	6379666	7392695	0	0	0
chr2	7392696	8413665	0	0	0
chr2	8413666	9433238	0	0	0
chr2	9433239	10452660	0	0	0
chr2	10452661	11476813	0	0	0
chr2	11476814	12496986	0	0	0
chr2	12496987	13525753	0	0	0
chr2	13525754	14572569	0	0	0
chr2	14572570	15608330	0	0	0
chr2	15608331	16679029	0	0	0
chr2	16679030	17707055	0	0	0
chr2	17707056	18736315	0	0	0
chr2	18736316	19808816	0	0	0
chr2	19808817	20826080	0	0	0
chr2	20826081	21884975	0	0	0
chr2	21884976	22908081	0	0	0
chr2	22908082	23933481	0	0	0
chr2	23933482	24963699	0	0	0
chr2	24963700	25986549	0	0	0
chr2	25986550	27003037	0	0	0
chr2	27003038	28025934	0	0	0
chr2	28025935	29041923	0	0	0
chr2	29041924	30060566	0	0	0
chr2	30060567	31086182	0	0	0
chr2	31086183	32127082	0	0	0
chr2	32127083	33155270	0	0	0
chr2	33155271	34183897	0	0	0
chr2	34183898	35219554	0	0	0
chr2	35219555	36263143	0	0	0
chr2	36263144	37299375	0	0	0
chr2	37299376	38332469	0	0	0
chr2	38332470	39354553	0	0	0
chr2	39354554	40384029	0	0	0
chr2	40384030	41408846	0	0	0
chr2	41408847	42436691	0	0	0
chr2	42436692	43458107	0	0	0
chr2	43458108	44484562	0	0	0
chr2	44484563	45515321	0	0	0
chr2	45515322	46528093	0	0	0
chr2	46528094	47545865	0	0	0
chr2	47545866	48569079	0	0	0
chr2	48569080	49610762	0	0	0
chr2	49610763	50627974	0	0	0
chr2	50627975	51646259	0	0	0
chr2	51646260	52680389	0	0	0
chr2	52680390	53708623	0	0	0
chr2	53708624	54729559	0	0	0
chr2	54729560	55747856	0	0	0
chr2	55747857	56796656	0	0	0
chr2	56796657	57859413	0	0	0
chr2	57859414	58891646	0	0	0
chr2	58891647	59920490	0	0	0
chr2	59920491	60955353	0	0	0
chr2	60955354	61973460	0	0	0
chr2	61973461	63008088	0	0	0
chr2	63008089	64046135	0	0	0
chr2	64046136	65066050	0	0	0
chr2	65066051	66085401	0	0	0
chr2	66085402	67147412	0	0	0
chr2	67147413	68178249	0	0	0
chr2	68178250	69210019	0	0	0
chr2	69210020	70224431	0	0	0
chr2	70224432	71254226	0	0	0
chr2	71254227	72304133	0	0	0
chr2	72304134	73333086	0	0	0
chr2	73333087	74408081	0	0	0
chr2	74408082	75430049	0	0	0
chr2	75430050	76462419	0	0	0
chr2	76462420	77526314	0	0	0
chr2	77526315	78577464	0	0	0
chr2	78577465	79614361	0	0	0
chr2	79614362	80638100	0	0	0
chr2	80638101	81659501	0	0	0
chr2	81659502	82682538	0	0	0
chr2	82682539	83709032	0	0	0
chr2	83709033	84753312	0	0	0
chr2	84753313	85779908	0	0	0
chr2	85779909	86796909	0	0	0
chr2	86796910	88865477	1	1	1
chr2	88865478	96782944	0	0	0
chr2	96782945	98161455	0	0	0
chr2	98161456	99241205	0	0	0
chr2	99241206	100272766	0	0	0
chr2	100272767	101309130	0	0	0
chr2	101309131	102328482	0	0	0
chr2	102328483	103349149	0	0	0
chr2	103349150	104373073	0	0	0
chr2	104373074	105383552	0	0	0
chr2	105383553	106403690	0	0	0
chr2	106403691	107541604	0	0	0
chr2	107541605	108638831	0	0	0
chr2	108638832	109727599	0	0	0
chr2	109727600	111630363	0	0	0
chr2	111630364	113034519	0	0	0
chr2	113034520	114164525	0	0	0
chr2	114164526	115393594	0	0	0
chr2	115393595	116422360	0	0	0
chr2	116422361	117455242	0	0	0
chr2	117455243	118503554	0	0	0
chr2	118503555	119550916	0	0	0
chr2	119550917	120577145	0	0	0
chr2	120577146	121598142	0	0	0
chr2	121598143	122611632	0	0	0
chr2	122611633	123647078	0	0	0
chr2	123647079	124673440	0	0	0
chr2	124673441	125707935	0	0	0
chr2	125707936	126734195	0	0	0
chr2	126734196	127760623	0	0	0
chr2	127760624	128777011	0	0	0
chr2	128777012	129810637	0	0	0
chr2	129810638	130956015	0	0	0
chr2	130956016	132485946	0	0	0
chr2	132485947	133746542	0	0	0
chr2	133746543	134783009	0	0	0
chr2	134783010	135823939	0	0	0
chr2	135823940	136860339	0	0	0
chr2	136860340	137883697	0	0	0
chr2	137883698	138923062	0	0	0
chr2	138923063	139944731	0	0	0
chr2	139944732	140968865	0	0	0
chr2	140968866	141986373	0	0	0
chr2	141986374	142998533	0	0	0
chr2	142998534	144029214	0	0	0
chr2	144029215	145057055	0	0	0
chr2	145057056	146071737	0	0	0
chr2	146071738	147087147	0	0	0
chr2	147087148	148110698	0	0	0
chr2	148110699	149155133	0	0	0
chr2	149155134	150279057	0	0	0
chr2	150279058	151324900	0	0	0
chr2	151324901	152336449	0	0	0
chr2	152336450	153388825	0	0	0
chr2	153388826	154423970	0	0	0
chr2	154423971	155454793	0	0	0
chr2	155454794	156487875	0	0	0
chr2	156487876	157518933	0	0	0
chr2	157518934	158570018	0	0	0
chr2	158570019	159607337	0	0	0
chr2	159607338	160640247	0	0	0
chr2	160640248	161680990	0	0	0
chr2	161680991	162723216	0	0	0
chr2	162723217	163742341	0	0	0
chr2	163742342	164757249	0	0	0
chr2	164757250	165777891	0	0	0
chr2	165777892	166811886	0	0	0
chr2	166811887	167851277	0	0	0
chr2	167851278	168894944	0	0	0
chr2	168894945	169912060	0	0	0
chr2	169912061	170956694	0	0	0
chr2	170956695	171976711	0	0	0
chr2	171976712	173001390	0	0	0
chr2	173001391	174031557	0	0	0
chr2	174031558	175053910	0	0	0
chr2	175053911	176081026	0	0	0
chr2	176081027	177126486	0	0	0
chr2	177126487	178145257	0	0	0
chr2	178145258	179178417	0	0	0
chr2	179178418	180224282	0	0	0
chr2	180224283	181248603	0	0	0
chr2	181248604	182277524	0	0	0
chr2	182277525	183310936	1	0	1
chr2	183310937	184348481	0	0	0
chr2	184348482	185388251	0	0	0
chr2	185388252	186410862	0	0	0
chr2	186410863	187462741	0	0	0
chr2	187462742	188484206	1	0	1
chr2	188484207	189505423	0	0	0
chr2	189505424	190533103	0	0	0
chr2	190533104	191558874	0	0	0
chr2	191558875	192580583	0	0	0
chr2	192580584	193611893	0	0	0
chr2	193611894	194653979	0	0	0
chr2	194653980	195691852	0	0	0
chr2	195691853	196744297	1	1	1
chr2	196744298	197777205	0	0	0
chr2	197777206	198824834	0	0	0
chr2	198824835	199844954	0	0	0
chr2	199844955	200867865	0	0	0
chr2	200867866	201890431	0	0	0
chr2	201890432	202930701	0	0	0
chr2	202930702	203957777	0	0	0
chr2	203957778	204976034	0	0	0
chr2	204976035	205999006	0	0	0
chr2	205999007	207014624	0	0	0
chr2	207014625	208055304	1	0	1
chr2	208055305	209072161	0	1	0
chr2	209072162	210144788	0	0	0
chr2	210144789	211169950	0	0	0
chr2	211169951	212205141	0	0	0
chr2	212205142	213225646	0	0	0
chr2	213225647	214251169	0	0	0
chr2	214251170	215280542	0	0	0
chr2	215280543	216314905	0	0	0
chr2	216314906	217338949	0	0	0
chr2	217338950	218348339	0	0	0
chr2	218348340	219368237	0	0	0
chr2	219368238	220383183	0	0	0
chr2	220383184	221405101	0	0	0
chr2	221405102	222416396	0	0	0
chr2	222416397	223439243	0	0	0
chr2	223439244	224467324	0	0	0
chr2	224467325	225482508	0	0	0
chr2	225482509	226505520	0	0	0
chr2	226505521	227526228	0	0	0
chr2	227526229	228546599	0	0	0
chr2	228546600	229593226	0	0	0
chr2	229593227	230617459	0	0	0
chr2	230617460	231647281	0	0	0
chr2	231647282	232665401	0	0	0
chr2	232665402	233722633	0	0	0
chr2	233722634	234802718	0	0	0
chr2	234802719	235830765	0	0	0
chr2	235830766	236841399	0	0	0
chr2	236841400	237861396	0	0	0
chr2	237861397	238880737	0	0	0
chr2	238880738	239928206	0	0	0
chr2	239928207	240971111	0	0	0
chr2	240971112	242015018	0	0	0
chr2	242015019	243199373	0	0	0
chr3	1	1117361	1	1	1
chr3	1117362	2158602	0	0	0
chr3	2158603	3186869	0	0	0
chr3	3186870	4236110	0	0	0
chr3	4236111	5272457	0	0	0
chr3	5272458	6315029	0	0	0
chr3	6315030	7362154	0	0	0
chr3	7362155	8389092	0	0	0
chr3	8389093	9427095	0	0	0
chr3	9427096	10462110	0	0	0
chr3	10462111	11483178	0	0	0
chr3	11483179	12521202	0	0	0
chr3	12521203	13544498	0	0	0
chr3	13544499	14576711	0	0	0
chr3	14576712	15621677	0	0	0
chr3	15621678	16645955	0	0	0
chr3	16645956	17686296	0	0	0
chr3	17686297	18723342	0	0	0
chr3	18723343	19790275	0	0	0
chr3	19790276	20829589	0	0	0
chr3	20829590	21871557	0	0	0
chr3	21871558	22928808	0	0	0
chr3	22928809	23967192	0	0	0
chr3	23967193	25003059	0	0	0
chr3	25003060	26026061	0	0	0
chr3	26026062	27101104	0	0	0
chr3	27101105	28135099	0	0	0
chr3	28135100	29175579	0	0	0
chr3	29175580	30205158	0	0	0
chr3	30205159	31229714	0	0	0
chr3	31229715	32249642	0	0	0
chr3	32249643	33277936	0	0	0
chr3	33277937	34320494	0	0	0
chr3	34320495	35368528	0	0	0
chr3	35368529	36415461	0	0	0
chr3	36415462	37443147	0	0	0
chr3	37443148	38486374	0	0	0
chr3	38486375	39519196	0	0	0
chr3	39519197	40583602	0	0	0
chr3	40583603	41625715	0	0	0
chr3	41625716	42672707	0	0	0
chr3	42672708	43714581	0	0	0
chr3	43714582	44747066	0	0	0
chr3	44747067	45771132	0	0	0
chr3	45771133	46799848	0	0	0
chr3	46799849	47836785	0	0	0
chr3	47836786	48866582	0	0	0
chr3	48866583	49901338	0	0	0
chr3	49901339	50932090	0	0	0
chr3	50932091	51994958	0	0	0
chr3	51994959	53011752	0	0	0
chr3	53011753	54045695	0	0	0
chr3	54045696	55087418	0	0	0
chr3	55087419	56118837	0	0	0
chr3	56118838	57151287	0	0	0
chr3	57151288	58185109	0	0	0
chr3	58185110	59244845	0	0	0
chr3	59244846	60270947	0	0	0
chr3	60270948	61311596	0	0	0
chr3	61311597	62334118	0	0	0
chr3	62334119	63373737	0	0	0
chr3	63373738	64402014	0	0	0
chr3	64402015	65433586	0	0	0
chr3	65433587	66558506	0	0	0
chr3	66558507	67600847	0	0	0
chr3	67600848	68627640	0	0	0
chr3	68627641	69662622	0	0	0
chr3	69662623	70696016	0	0	0
chr3	70696017	71721873	0	0	0
chr3	71721874	72736695	0	0	0
chr3	72736696	73766451	0	0	0
chr3	73766452	74804056	0	0	0
chr3	74804057	75959034	0	0	0
chr3	75959035	76994958	0	0	0
chr3	76994959	78023788	0	0	0
chr3	78023789	79062573	0	0	0
chr3	79062574	80090709	0	0	0
chr3	80090710	81133019	0	0	0
chr3	81133020	82162240	0	0	0
chr3	82162241	83201822	0	0	0
chr3	83201823	84228230	0	0	0
chr3	84228231	85263563	0	0	0
chr3	85263564	86297161	0	0	0
chr3	86297162	87321824	0	0	0
chr3	87321825	88361855	0	0	0
chr3	88361856	89408847	1	1	1
chr3	89408848	94548574	0	0	0
chr3	94548575	95592544	0	0	0
chr3	95592545	96613912	0	0	0
chr3	96613913	97651372	0	0	0
chr3	97651373	98687447	0	0	0
chr3	98687448	99730252	0	0	0
chr3	99730253	100762316	0	0	0
chr3	100762317	101810418	0	0	0
chr3	101810419	102830333	0	0	0
chr3	102830334	103864797	0	0	0
chr3	103864798	104875173	0	0	0
chr3	104875174	105899153	0	0	0
chr3	105899154	106929807	1	1	1
chr3	106929808	107951184	0	0	0
chr3	107951185	108990533	0	0	0
chr3	108990534	110032258	0	0	0
chr3	110032259	111063562	0	0	0
chr3	111063563	112103150	0	0	0
chr3	112103151	113143202	0	0	0
chr3	113143203	114165832	0	0	0
chr3	114165833	115184739	0	0	0
chr3	115184740	116218080	0	0	0
chr3	116218081	117239293	0	0	0
chr3	117239294	118256816	0	0	0
chr3	118256817	119300216	0	0	0
chr3	119300217	120326827	0	0	0
chr3	120326828	121391043	0	0	0
chr3	121391044	122428701	0	1	0
chr3	122428702	123447087	1	0	1
chr3	123447088	124475808	0	1	0
chr3	124475809	125530325	1	0	1
chr3	125530326	126614693	0	0	0
chr3	126614694	127625802	0	0	0
chr3	127625803	128638164	0	0	0
chr3	128638165	129672195	0	0	0
chr3	129672196	130785116	0	0	0
chr3	130785117	131826035	0	0	0
chr3	131826036	132883927	0	0	0
chr3	132883928	133923176	0	0	0
chr3	133923177	134943390	0	0	0
chr3	134943391	135997581	0	0	0
chr3	135997582	137045981	0	0	0
chr3	137045982	138094414	0	0	0
chr3	138094415	139132018	0	0	0
chr3	139132019	140154153	0	0	0
chr3	140154154	141184020	0	0	0
chr3	141184021	142217785	0	0	0
chr3	142217786	143235874	1	0	1
chr3	143235875	144255555	0	0	0
chr3	144255556	145282963	0	1	0
chr3	145282964	146318164	1	0	1
chr3	146318165	147343141	0	0	0
chr3	147343142	148376197	0	0	0
chr3	148376198	149393448	0	0	0
chr3	149393449	150412069	0	0	0
chr3	150412070	151440471	0	0	0
chr3	151440472	152459181	0	0	0
chr3	152459182	153494807	0	0	0
chr3	153494808	154532241	0	0	0
chr3	154532242	155579462	0	0	0
chr3	155579463	156605092	1	1	1
chr3	156605093	157638565	0	0	0
chr3	157638566	158687019	0	0	0
chr3	158687020	159735234	0	0	0
chr3	159735235	160760014	0	0	0
chr3	160760015	161780879	0	0	0
chr3	161780880	162808972	0	0	0
chr3	162808973	163852942	0	0	0
chr3	163852943	164877183	0	0	0
chr3	164877184	165915998	0	0	0
chr3	165915999	166949097	0	0	0
chr3	166949098	167975386	0	0	0
chr3	167975387	168996287	1	0	1
chr3	168996288	170018988	0	0	0
chr3	170018989	171057764	0	0	0
chr3	171057765	172078938	0	0	0
chr3	172078939	173094884	0	0	0
chr3	173094885	174114029	0	0	0
chr3	174114030	175144283	0	0	0
chr3	175144284	176178932	1	0	1
chr3	176178933	177208671	0	0	0
chr3	177208672	178225238	0	0	0
chr3	178225239	179269950	0	0	0
chr3	179269951	180302538	0	0	0
chr3	180302539	181325510	0	0	0
chr3	181325511	182342075	0	0	0
chr3	182342076	183364779	1	0	1
chr3	183364780	184379470	0	0	0
chr3	184379471	185405328	0	0	0
chr3	185405329	186420888	0	0	0
chr3	186420889	187455458	1	0	1
chr3	187455459	188479747	0	0	0
chr3	188479748	189504062	0	0	0
chr3	189504063	190518910	0	0	0
chr3	190518911	191545411	0	0	0
chr3	191545412	192569668	0	0	0
chr3	192569669	193594520	0	0	0
chr3	193594521	194611679	0	0	0
chr3	194611680	195765182	0	0	0
chr3	195765183	196794668	0	0	0
chr3	196794669	198022430	0	0	0
chr4	1	1074365	1	1	1
chr4	1074366	2166056	0	0	0
chr4	2166057	3194156	0	0	0
chr4	3194157	4346356	0	0	0
chr4	4346357	5381721	0	0	0
chr4	5381722	6427646	0	0	0
chr4	6427647	7455454	0	0	0
chr4	7455455	8475212	0	0	0
chr4	8475213	9896553	0	0	0
chr4	9896554	10926613	1	0	1
chr4	10926614	11991927	0	0	0
chr4	11991928	13040942	0	0	0
chr4	13040943	14080157	0	0	0
chr4	14080158	15129911	0	0	0
chr4	15129912	16167636	0	0	0
chr4	16167637	17208994	0	0	0
chr4	17208995	18243548	0	0	0
chr4	18243549	19280764	0	0	0
chr4	19280765	20319068	0	0	0
chr4	20319069	21362829	0	0	0
chr4	21362830	22404481	0	0	0
chr4	22404482	23431656	0	0	0
chr4	23431657	24465510	0	0	0
chr4	24465511	25493094	0	0	0
chr4	25493095	26514833	0	0	0
chr4	26514834	27568479	0	0	0
chr4	27568480	28590173	0	0	0
chr4	28590174	29612651	0	0	0
chr4	29612652	30635836	0	0	0
chr4	30635837	31654567	0	0	0
chr4	31654568	32695840	0	0	0
chr4	32695841	33722702	0	0	0
chr4	33722703	34750177	0	0	0
chr4	34750178	35777498	0	0	0
chr4	35777499	36802272	0	0	0
chr4	36802273	37839703	0	0	0
chr4	37839704	38875717	0	0	0
chr4	38875718	39906634	0	0	0
chr4	39906635	40935501	0	0	0
chr4	40935502	41965150	0	0	0
chr4	41965151	42993099	0	0	0
chr4	42993100	44039460	0	0	0
chr4	44039461	45082568	0	0	0
chr4	45082569	46119488	0	0	0
chr4	46119489	47158764	0	0	0
chr4	47158765	48196011	0	0	0
chr4	48196012	53746246	0	0	0
chr4	53746247	54821135	0	0	0
chr4	54821136	55850822	0	0	0
chr4	55850823	56888793	0	0	0
chr4	56888794	57917486	0	0	0
chr4	57917487	58976004	1	1	1
chr4	58976005	60062394	0	0	0
chr4	60062395	61099833	0	0	0
chr4	61099834	62135142	0	0	0
chr4	62135143	63169742	0	0	0
chr4	63169743	64215113	0	0	0
chr4	64215114	65245711	0	0	0
chr4	65245712	66293857	0	0	0
chr4	66293858	67327423	0	0	0
chr4	67327424	68368068	0	0	0
chr4	68368069	69409787	0	0	0
chr4	69409788	70512879	0	0	0
chr4	70512880	71560216	0	0	0
chr4	71560217	72604147	0	0	0
chr4	72604148	73654154	0	0	0
chr4	73654155	74685033	0	0	0
chr4	74685034	75816035	0	0	0
chr4	75816036	76869135	0	0	0
chr4	76869136	77888316	0	0	0
chr4	77888317	78921530	0	0	0
chr4	78921531	79970764	0	0	0
chr4	79970765	81013158	0	0	0
chr4	81013159	82040692	0	0	0
chr4	82040693	83078271	0	0	0
chr4	83078272	84109027	0	0	0
chr4	84109028	85140279	0	0	0
chr4	85140280	86170845	0	0	0
chr4	86170846	87217509	0	0	0
chr4	87217510	88248045	0	0	0
chr4	88248046	89290150	0	0	0
chr4	89290151	90318848	0	0	0
chr4	90318849	91347660	0	0	0
chr4	91347661	92394771	0	0	0
chr4	92394772	93442037	0	0	0
chr4	93442038	94460933	1	1	0
chr4	94460934	95520166	0	0	1
chr4	95520167	96551126	0	0	0
chr4	96551127	97585540	0	0	0
chr4	97585541	98627896	0	0	1
chr4	98627897	99677221	0	0	0
chr4	99677222	100719410	0	0	0
chr4	100719411	101744241	0	0	0
chr4	101744242	102770487	0	0	0
chr4	102770488	103805765	0	0	0
chr4	103805766	104888599	0	0	0
chr4	104888600	105929454	0	0	0
chr4	105929455	106965873	0	0	0
chr4	106965874	108022444	0	0	0
chr4	108022445	109048389	0	1	1
chr4	109048390	110071334	1	0	0
chr4	110071335	111101989	0	0	0
chr4	111101990	112151430	0	0	0
chr4	112151431	113203185	0	0	0
chr4	113203186	114228670	0	0	0
chr4	114228671	115259687	0	0	0
chr4	115259688	116277398	0	0	0
chr4	116277399	117298597	0	0	0
chr4	117298598	118328500	0	0	0
chr4	118328501	119405398	1	1	0
chr4	119405399	120621611	0	0	1
chr4	120621612	121658702	0	0	0
chr4	121658703	122683702	0	0	0
chr4	122683703	123717215	0	0	0
chr4	123717216	124753352	0	0	0
chr4	124753353	125784499	0	0	0
chr4	125784500	126804678	0	0	0
chr4	126804679	127831458	0	0	0
chr4	127831459	128894374	0	0	0
chr4	128894375	129923700	0	0	0
chr4	129923701	130966860	0	0	1
chr4	130966861	131984885	1	0	0
chr4	131984886	133160657	0	0	0
chr4	133160658	134188998	0	0	0
chr4	134188999	135213703	0	0	0
chr4	135213704	136250282	0	0	0
chr4	136250283	137272435	0	0	0
chr4	137272436	138280460	0	0	0
chr4	138280461	139305601	0	0	0
chr4	139305602	140334404	1	0	1
chr4	140334405	141359342	0	0	0
chr4	141359343	142400513	0	0	0
chr4	142400514	143434137	0	0	0
chr4	143434138	144473030	0	0	0
chr4	144473031	145634037	0	0	0
chr4	145634038	146684497	0	0	0
chr4	146684498	147726773	0	0	0
chr4	147726774	148756298	1	1	1
chr4	148756299	149782951	0	0	0
chr4	149782952	150821420	0	0	0
chr4	150821421	151846663	0	0	0
chr4	151846664	152871753	0	0	0
chr4	152871754	153888491	0	0	0
chr4	153888492	154902897	0	0	0
chr4	154902898	155923978	0	0	0
chr4	155923979	156942454	0	0	0
chr4	156942455	157967052	0	0	0
chr4	157967053	158997056	0	0	0
chr4	158997057	160044514	0	0	0
chr4	160044515	161086379	0	0	0
chr4	161086380	162121646	0	0	0
chr4	162121647	163140213	1	1	1
chr4	163140214	164165832	0	0	0
chr4	164165833	165213013	0	0	0
chr4	165213014	166289082	0	0	0
chr4	166289083	167308509	0	0	0
chr4	167308510	168371013	0	0	0
chr4	168371014	169399460	0	0	0
chr4	169399461	170413807	0	0	0
chr4	170413808	171473974	0	0	0
chr4	171473975	172495332	0	0	0
chr4	172495333	173514226	0	0	0
chr4	173514227	174530566	0	0	0
chr4	174530567	175554507	1	1	1
chr4	175554508	176586687	0	0	0
chr4	176586688	177599037	0	0	0
chr4	177599038	178616770	0	0	0
chr4	178616771	179643923	0	0	0
chr4	179643924	180671637	0	0	0
chr4	180671638	181684335	0	0	0
chr4	181684336	182711997	0	0	0
chr4	182711998	183733231	0	0	0
chr4	183733232	184761970	0	0	0
chr4	184761971	185782688	0	0	0
chr4	185782689	186797547	0	0	0
chr4	186797548	187832809	0	0	0
chr4	187832810	188871081	0	0	0
chr4	188871082	189906346	0	0	0
chr4	189906347	191154276	0	0	0
chr5	1	1176417	1	1	1
chr5	1176418	2232645	0	0	0
chr5	2232646	3249100	0	0	0
chr5	3249101	4276122	0	0	0
chr5	4276123	5308885	0	0	0
chr5	5308886	6328138	0	0	0
chr5	6328139	7390435	0	0	0
chr5	7390436	8425297	0	0	0
chr5	8425298	9459981	0	0	0
chr5	9459982	10490141	0	0	1
chr5	10490142	11510051	0	0	0
chr5	11510052	12536989	0	0	0
chr5	12536990	13563858	0	0	0
chr5	13563859	14584096	0	0	0
chr5	14584097	15622192	0	0	0
chr5	15622193	16663033	0	0	0
chr5	16663034	17781896	0	0	0
chr5	17781897	18817069	0	0	0
chr5	18817070	19847803	0	0	0
chr5	19847804	21010119	0	0	0
chr5	21010120	22242383	0	0	0
chr5	22242384	23267224	0	0	0
chr5	23267225	24292028	0	0	0
chr5	24292029	25329995	0	0	0
chr5	25329996	26362431	0	0	0
chr5	26362432	27390273	0	0	0
chr5	27390274	28421298	0	0	0
chr5	28421299	29474134	0	0	0
chr5	29474135	30516024	0	0	0
chr5	30516025	31542216	0	0	0
chr5	31542217	32569528	0	0	0
chr5	32569529	33625206	0	0	0
chr5	33625207	34854643	0	0	0
chr5	34854644	35899533	0	0	0
chr5	35899534	36934706	0	0	0
chr5	36934707	37987898	0	0	0
chr5	37987899	39015413	0	0	0
chr5	39015414	40056168	0	0	0
chr5	40056169	41100698	0	0	0
chr5	41100699	42153039	0	0	0
chr5	42153040	43211147	0	0	0
chr5	43211148	44285803	0	0	0
chr5	44285804	45327741	0	0	0
chr5	45327742	50525829	0	0	0
chr5	50525830	51584495	0	0	0
chr5	51584496	52629615	0	0	0
chr5	52629616	53666122	0	0	0
chr5	53666123	54701728	0	0	0
chr5	54701729	55738284	0	0	0
chr5	55738285	56765704	0	0	0
chr5	56765705	57815025	0	0	0
chr5	57815026	58854069	0	0	0
chr5	58854070	59895504	0	0	0
chr5	59895505	60937307	0	0	0
chr5	60937308	61981760	0	0	0
chr5	61981761	63046432	0	0	0
chr5	63046433	64097510	0	0	0
chr5	64097511	65130553	0	0	0
chr5	65130554	66174173	0	0	0
chr5	66174174	67230661	0	0	0
chr5	67230662	68259386	0	0	0
chr5	68259387	71088042	0	0	0
chr5	71088043	72115571	0	0	0
chr5	72115572	73136048	0	0	0
chr5	73136049	74161557	0	0	0
chr5	74161558	75223262	0	0	0
chr5	75223263	76265255	0	0	0
chr5	76265256	77300307	0	0	0
chr5	77300308	78355555	0	0	0
chr5	78355556	79392188	0	0	0
chr5	79392189	80433454	0	0	0
chr5	80433455	81479861	0	0	0
chr5	81479862	82523996	0	0	0
chr5	82523997	83563579	0	0	0
chr5	83563580	84586653	0	0	0
chr5	84586654	85642856	0	0	0
chr5	85642857	86680646	0	0	0
chr5	86680647	87722427	0	0	0
chr5	87722428	88751472	0	0	0
chr5	88751473	89795010	0	0	0
chr5	89795011	90834332	0	0	0
chr5	90834333	91923438	0	0	0
chr5	91923439	92963367	0	0	0
chr5	92963368	93993123	0	0	0
chr5	93993124	95018840	0	0	0
chr5	95018841	96050922	0	0	0
chr5	96050923	97093660	1	1	1
chr5	97093661	98151529	0	0	0
chr5	98151530	99286132	0	0	0
chr5	99286133	100414974	0	0	0
chr5	100414975	101464107	0	0	0
chr5	101464108	102518114	0	0	0
chr5	102518115	103546170	0	0	0
chr5	103546171	104585665	0	0	0
chr5	104585666	105608771	0	0	0
chr5	105608772	106654923	0	0	0
chr5	106654924	107666236	0	0	0
chr5	107666237	108709359	1	1	1
chr5	108709360	109747005	0	0	0
chr5	109747006	110803828	0	0	0
chr5	110803829	111846649	0	0	0
chr5	111846650	112870994	0	0	0
chr5	112870995	113907245	0	0	0
chr5	113907246	114952587	0	0	0
chr5	114952588	115985389	0	0	0
chr5	115985390	117019248	0	0	0
chr5	117019249	118055565	0	0	0
chr5	118055566	119094898	0	0	0
chr5	119094899	120147236	0	0	0
chr5	120147237	121190116	0	0	0
chr5	121190117	122242587	0	0	0
chr5	122242588	123277182	0	0	0
chr5	123277183	124302462	0	0	0
chr5	124302463	125337247	0	0	0
chr5	125337248	126381565	0	0	0
chr5	126381566	127424376	0	0	0
chr5	127424377	128456935	0	0	0
chr5	128456936	129497914	0	0	0
chr5	129497915	130564997	0	0	0
chr5	130564998	131606344	0	0	0
chr5	131606345	132642485	1	1	1
chr5	132642486	133663290	0	0	0
chr5	133663291	134688165	0	0	0
chr5	134688166	135707457	0	0	0
chr5	135707458	136750104	0	0	0
chr5	136750105	137788201	0	0	0
chr5	137788202	138872421	1	1	1
chr5	138872422	139894590	0	0	0
chr5	139894591	140941049	0	0	0
chr5	140941050	141962909	0	0	0
chr5	141962910	142978990	0	0	0
chr5	142978991	144019341	0	0	0
chr5	144019342	145072604	0	0	0
chr5	145072605	146100297	0	0	0
chr5	146100298	147130720	0	0	0
chr5	147130721	148186108	0	0	0
chr5	148186109	149210847	0	0	0
chr5	149210848	150230354	0	0	0
chr5	150230355	151253788	0	0	0
chr5	151253789	152326233	0	0	0
chr5	152326234	153375566	0	0	0
chr5	153375567	154395545	0	0	0
chr5	154395546	155483794	0	0	0
chr5	155483795	156529427	0	0	0
chr5	156529428	157554517	0	0	0
chr5	157554518	158580271	0	0	0
chr5	158580272	159601817	0	0	0
chr5	159601818	160643527	0	0	0
chr5	160643528	161674146	0	0	0
chr5	161674147	162728836	0	0	0
chr5	162728837	163754521	0	0	0
chr5	163754522	164777068	0	0	0
chr5	164777069	165803722	0	0	0
chr5	165803723	166829575	1	0	1
chr5	166829576	167848226	0	1	0
chr5	167848227	168870480	0	0	0
chr5	168870481	169898143	0	0	0
chr5	169898144	170937343	0	0	0
chr5	170937344	171954503	0	0	0
chr5	171954504	172976828	0	0	0
chr5	172976829	173999185	0	0	0
chr5	173999186	175023972	0	0	0
chr5	175023973	176278073	0	0	0
chr5	176278074	177577451	0	0	0
chr5	177577452	178611885	0	0	0
chr5	178611886	179661154	0	0	0
chr5	179661155	180915260	0	0	0
chr6	1	1176199	1	1	1
chr6	1176200	2211032	0	0	0
chr6	2211033	3253250	0	0	0
chr6	3253251	4280636	0	0	0
chr6	4280637	5311489	0	0	0
chr6	5311490	6367051	0	0	0
chr6	6367052	7393680	0	0	0
chr6	7393681	8420125	0	0	0
chr6	8420126	9454387	0	0	0
chr6	9454388	10494841	0	0	0
chr6	10494842	11522899	0	0	0
chr6	11522900	12545318	0	0	0
chr6	12545319	13572630	0	0	0
chr6	13572631	14599686	1	1	1
chr6	14599687	15619934	0	0	0
chr6	15619935	16652136	0	0	0
chr6	16652137	17679693	0	0	0
chr6	17679694	18707258	0	0	0
chr6	18707259	19756353	0	0	0
chr6	19756354	20787396	0	0	0
chr6	20787397	21815165	0	0	0
chr6	21815166	22848427	0	0	0
chr6	22848428	23895039	0	0	0
chr6	23895040	24930926	0	0	0
chr6	24930927	25954075	0	0	0
chr6	25954076	27190955	0	0	0
chr6	27190956	28224411	0	0	0
chr6	28224412	29272332	0	0	0
chr6	29272333	30312987	0	0	0
chr6	30312988	31351807	0	0	0
chr6	31351808	32459832	0	0	0
chr6	32459833	33492215	0	0	0
chr6	33492216	34518910	1	1	1
chr6	34518911	35549315	0	0	0
chr6	35549316	36572447	0	0	0
chr6	36572448	37595665	0	0	0
chr6	37595666	38617437	1	0	0
chr6	38617438	39648593	0	1	1
chr6	39648594	40669857	0	0	0
chr6	40669858	41693740	0	0	0
chr6	41693741	42719851	0	0	0
chr6	42719852	43748689	0	0	0
chr6	43748690	44780717	0	0	0
chr6	44780718	45835886	1	1	1
chr6	45835887	46869787	0	0	0
chr6	46869788	47902615	0	0	0
chr6	47902616	48943419	0	0	0
chr6	48943420	49987591	0	0	0
chr6	49987592	51028453	0	0	0
chr6	51028454	52081309	0	0	0
chr6	52081310	53127067	0	0	0
chr6	53127068	54158041	0	0	0
chr6	54158042	55202944	0	0	0
chr6	55202945	56245004	0	0	0
chr6	56245005	57292041	0	0	0
chr6	57292042	63004879	0	0	0
chr6	63004880	64046553	0	0	0
chr6	64046554	65087158	0	0	0
chr6	65087159	66135992	0	0	0
chr6	66135993	67170238	0	0	0
chr6	67170239	68206356	0	0	0
chr6	68206357	69234562	0	0	0
chr6	69234563	70277733	0	0	0
chr6	70277734	71304918	0	0	0
chr6	71304919	72353231	0	0	0
chr6	72353232	73394569	0	0	0
chr6	73394570	74430622	0	0	0
chr6	74430623	75504458	0	0	0
chr6	75504459	76535985	0	0	0
chr6	76535986	77580768	0	0	0
chr6	77580769	78657194	0	0	0
chr6	78657195	79706619	0	0	0
chr6	79706620	80736991	0	0	0
chr6	80736992	81800371	0	0	0
chr6	81800372	82855063	0	0	0
chr6	82855064	83899181	0	0	0
chr6	83899182	84946243	0	0	0
chr6	84946244	85991027	0	0	0
chr6	85991028	87071412	0	0	0
chr6	87071413	88144305	0	0	0
chr6	88144306	89179382	0	0	0
chr6	89179383	90208361	0	0	0
chr6	90208362	91225203	0	0	0
chr6	91225204	92250049	0	0	0
chr6	92250050	93267415	0	0	0
chr6	93267416	94292977	0	0	0
chr6	94292978	95325289	0	0	0
chr6	95325290	96532473	0	0	0
chr6	96532474	97554081	1	1	1
chr6	97554082	98582186	0	0	0
chr6	98582187	99615026	0	0	0
chr6	99615027	100668436	0	0	0
chr6	100668437	101705590	0	0	0
chr6	101705591	102735137	0	0	0
chr6	102735138	103766522	0	0	0
chr6	103766523	104803448	0	0	0
chr6	104803449	105847922	0	0	0
chr6	105847923	106871209	0	0	0
chr6	106871210	107895138	0	0	0
chr6	107895139	108927811	0	0	0
chr6	108927812	109965358	0	0	0
chr6	109965359	111002858	0	0	0
chr6	111002859	112024493	0	0	0
chr6	112024494	113057950	1	1	1
chr6	113057951	114093663	0	0	0
chr6	114093664	115115736	0	0	0
chr6	115115737	116174756	0	0	0
chr6	116174757	117215647	0	0	0
chr6	117215648	118263148	0	0	0
chr6	118263149	119288638	0	0	0
chr6	119288639	120305232	0	0	0
chr6	120305233	121357945	0	0	0
chr6	121357946	122393718	1	1	1
chr6	122393719	123428249	0	0	0
chr6	123428250	124448325	0	0	0
chr6	124448326	125492447	0	0	0
chr6	125492448	126519839	0	0	0
chr6	126519840	127561146	0	0	0
chr6	127561147	128585046	0	0	0
chr6	128585047	129625174	0	0	0
chr6	129625175	130640518	0	0	0
chr6	130640519	131677559	0	0	0
chr6	131677560	132713963	0	0	1
chr6	132713964	133739531	0	0	0
chr6	133739532	134763391	0	0	0
chr6	134763392	135777332	0	0	0
chr6	135777333	136808784	0	0	0
chr6	136808785	137823585	0	0	0
chr6	137823586	138842908	0	0	0
chr6	138842909	139867636	1	1	1
chr6	139867637	140885360	0	0	0
chr6	140885361	141911211	0	0	0
chr6	141911212	142958004	0	0	0
chr6	142958005	143973965	0	0	0
chr6	143973966	144990679	0	0	0
chr6	144990680	146018270	0	0	0
chr6	146018271	147050138	0	0	0
chr6	147050139	148063470	0	0	0
chr6	148063471	149090615	0	0	0
chr6	149090616	150104773	0	0	0
chr6	150104774	151135682	0	0	0
chr6	151135683	152154772	0	0	0
chr6	152154773	153180808	0	0	0
chr6	153180809	154202846	0	0	0
chr6	154202847	155218902	0	0	0
chr6	155218903	156231714	0	0	0
chr6	156231715	157266337	0	0	0
chr6	157266338	158380564	0	0	0
chr6	158380565	159405210	0	0	0
chr6	159405211	160430488	0	0	0
chr6	160430489	161507859	0	0	0
chr6	161507860	162523545	0	0	0
chr6	162523546	163545080	0	0	0
chr6	163545081	164554933	0	0	0
chr6	164554934	165593659	0	0	0
chr6	165593660	166614340	0	0	0
chr6	166614341	167665862	0	0	0
chr6	167665863	168812962	0	0	0
chr6	168812963	169850944	0	0	0
chr6	169850945	171115067	0	0	0
chr7	1	1137763	1	1	1
chr7	1137764	2171997	0	0	0
chr7	2171998	3207949	0	0	0
chr7	3207950	4226939	0	0	0
chr7	4226940	5283223	0	0	0
chr7	5283224	6401863	0	0	0
chr7	6401864	7564798	1	0	1
chr7	7564799	8592617	0	0	0
chr7	8592618	9629490	0	0	0
chr7	9629491	10668194	0	0	0
chr7	10668195	11691919	0	0	0
chr7	11691920	12720813	0	0	0
chr7	12720814	13747729	0	0	0
chr7	13747730	14794719	0	0	0
chr7	14794720	15812830	0	0	0
chr7	15812831	16844181	0	0	0
chr7	16844182	17871487	0	0	0
chr7	17871488	18887148	1	1	1
chr7	18887149	19938855	0	0	0
chr7	19938856	20971324	0	0	0
chr7	20971325	21992314	0	0	0
chr7	21992315	23039426	0	0	0
chr7	23039427	24090591	0	0	0
chr7	24090592	25126564	0	0	0
chr7	25126565	26156734	0	0	0
chr7	26156735	27186766	0	0	0
chr7	27186767	28213797	0	1	0
chr7	28213798	29227930	1	0	0
chr7	29227931	30284514	0	0	1
chr7	30284515	31319213	0	0	0
chr7	31319214	32363338	0	0	0
chr7	32363339	33485180	0	0	0
chr7	33485181	34525770	0	0	0
chr7	34525771	35672117	0	0	0
chr7	35672118	36726068	0	0	0
chr7	36726069	37759739	0	0	0
chr7	37759740	38795832	0	0	0
chr7	38795833	39830061	0	0	0
chr7	39830062	40877028	0	0	1
chr7	40877029	41891337	0	0	0
chr7	41891338	42915977	0	0	0
chr7	42915978	43944011	0	0	0
chr7	43944012	45011075	0	0	1
chr7	45011076	46106030	0	0	0
chr7	46106031	47125851	0	0	0
chr7	47125852	48146494	0	0	0
chr7	48146495	49199932	0	0	0
chr7	49199933	50229460	0	0	0
chr7	50229461	51294575	0	0	0
chr7	51294576	52354264	0	0	0
chr7	52354265	53384001	0	0	0
chr7	53384002	54434297	0	0	0
chr7	54434298	55460314	0	0	0
chr7	55460315	56606482	0	0	0
chr7	56606483	62983266	0	0	0
chr7	62983267	64262514	0	0	0
chr7	64262515	65639066	0	0	0
chr7	65639067	66807754	0	0	0
chr7	66807755	67821348	0	0	0
chr7	67821349	68835388	0	0	0
chr7	68835389	69851956	0	0	0
chr7	69851957	70865470	0	0	0
chr7	70865471	71883485	0	0	0
chr7	71883486	73330266	0	0	0
chr7	73330267	75233624	0	0	0
chr7	75233625	76562104	0	0	0
chr7	76562105	77743068	0	0	0
chr7	77743069	78771453	1	1	1
chr7	78771454	79798405	0	0	0
chr7	79798406	80821044	0	0	0
chr7	80821045	81838321	0	0	0
chr7	81838322	82865305	0	0	0
chr7	82865306	83910780	0	0	0
chr7	83910781	84941619	0	0	0
chr7	84941620	85976210	0	0	0
chr7	85976211	87020934	0	0	0
chr7	87020935	88058965	0	0	0
chr7	88058966	89098796	0	0	0
chr7	89098797	90166885	0	0	0
chr7	90166886	91227219	0	0	0
chr7	91227220	92267311	0	0	0
chr7	92267312	93308796	0	0	0
chr7	93308797	94330994	0	0	0
chr7	94330995	95359492	0	0	0
chr7	95359493	96394973	0	0	0
chr7	96394974	97452009	0	0	0
chr7	97452010	98519076	0	0	0
chr7	98519077	99553995	0	0	0
chr7	99553996	100683210	0	1	0
chr7	100683211	101740238	0	0	0
chr7	101740239	103123510	1	0	1
chr7	103123511	104166756	0	0	0
chr7	104166757	105212587	0	0	0
chr7	105212588	106242565	0	0	0
chr7	106242566	107273354	0	0	0
chr7	107273355	108299262	0	0	0
chr7	108299263	109337050	0	0	0
chr7	109337051	110390989	0	0	0
chr7	110390990	111429586	0	0	0
chr7	111429587	112455673	0	0	0
chr7	112455674	113524510	0	0	0
chr7	113524511	114543766	0	0	0
chr7	114543767	115571251	0	0	0
chr7	115571252	116606748	0	0	0
chr7	116606749	117625850	0	0	0
chr7	117625851	118646949	0	0	0
chr7	118646950	119685413	0	0	0
chr7	119685414	120705520	0	0	0
chr7	120705521	121734110	0	0	0
chr7	121734111	122773739	0	0	0
chr7	122773740	123812355	0	0	0
chr7	123812356	124843635	0	0	0
chr7	124843636	125869628	0	0	0
chr7	125869629	126911443	0	0	0
chr7	126911444	127931884	0	0	0
chr7	127931885	129023794	0	0	0
chr7	129023795	130042466	0	0	0
chr7	130042467	131167032	0	0	0
chr7	131167033	132182142	0	0	0
chr7	132182143	133205303	0	0	0
chr7	133205304	134225177	0	0	0
chr7	134225178	135245371	0	0	0
chr7	135245372	136270598	1	1	1
chr7	136270599	137317181	0	0	0
chr7	137317182	138339996	0	0	0
chr7	138339997	139365357	0	0	0
chr7	139365358	140418306	0	0	0
chr7	140418307	141448912	1	1	1
chr7	141448913	142591027	0	0	0
chr7	142591028	144111713	0	0	0
chr7	144111714	145146417	0	0	0
chr7	145146418	146189353	0	0	0
chr7	146189354	147221457	0	0	0
chr7	147221458	148254324	0	0	0
chr7	148254325	149283588	0	0	0
chr7	149283589	150551039	0	0	0
chr7	150551040	151561953	0	0	0
chr7	151561954	152664578	0	0	0
chr7	152664579	153871675	0	0	0
chr7	153871676	154988477	0	0	0
chr7	154988478	156007292	0	0	0
chr7	156007293	157034448	1	1	1
chr7	157034449	158077639	0	0	0
chr7	158077640	159138663	0	0	0
chr8	1	1248338	1	1	1
chr8	1248339	2336310	0	0	0
chr8	2336311	3366229	0	0	0
chr8	3366230	4379486	0	0	0
chr8	4379487	5400990	0	0	0
chr8	5400991	6425795	0	0	0
chr8	6425796	8475673	0	0	0
chr8	8475674	9495429	0	0	0
chr8	9495430	10519491	0	0	0
chr8	10519492	11539250	0	0	0
chr8	11539251	13073615	0	0	0
chr8	13073616	14092457	0	0	0
chr8	14092458	15118232	0	0	0
chr8	15118233	16145883	1	1	1
chr8	16145884	17176625	0	0	0
chr8	17176626	18186733	0	0	0
chr8	18186734	19203502	0	0	0
chr8	19203503	20221301	0	0	0
chr8	20221302	21235881	0	0	0
chr8	21235882	22251757	0	0	0
chr8	22251758	23271818	0	0	0
chr8	23271819	24290809	0	0	0
chr8	24290810	25320285	0	0	0
chr8	25320286	26347796	0	0	0
chr8	26347797	27371426	0	0	0
chr8	27371427	28386201	0	0	0
chr8	28386202	29412458	0	0	0
chr8	29412459	30427326	0	0	0
chr8	30427327	31459034	0	0	0
chr8	31459035	32482695	0	0	0
chr8	32482696	33503995	0	0	0
chr8	33503996	34540722	1	1	1
chr8	34540723	35568200	0	0	0
chr8	35568201	36604546	0	0	0
chr8	36604547	37618782	0	0	0
chr8	37618783	38634790	0	0	0
chr8	38634791	39659007	0	0	0
chr8	39659008	40694133	0	0	0
chr8	40694134	41716116	0	0	0
chr8	41716117	42736000	0	0	0
chr8	42736001	47924643	0	0	0
chr8	47924644	48999821	0	0	0
chr8	48999822	50047717	0	0	0
chr8	50047718	51087800	0	0	0
chr8	51087801	52129505	0	0	0
chr8	52129506	53166854	0	0	0
chr8	53166855	54192936	0	0	0
chr8	54192937	55244549	0	0	0
chr8	55244550	56281449	0	0	0
chr8	56281450	57335329	0	0	0
chr8	57335330	58380488	0	0	0
chr8	58380489	59415415	0	0	0
chr8	59415416	60457810	0	0	0
chr8	60457811	61500462	0	0	0
chr8	61500463	62541194	0	0	0
chr8	62541195	63577448	1	1	1
chr8	63577449	64618345	0	0	0
chr8	64618346	65665568	0	0	0
chr8	65665569	66706070	0	0	0
chr8	66706071	67736925	0	0	0
chr8	67736926	68778675	0	0	0
chr8	68778676	69823497	0	0	0
chr8	69823498	70877671	0	0	0
chr8	70877672	71925628	0	0	0
chr8	71925629	72967758	0	0	0
chr8	72967759	74015989	0	0	0
chr8	74015990	75046668	0	0	0
chr8	75046669	76098187	0	0	0
chr8	76098188	77143981	0	0	0
chr8	77143982	78183878	0	0	0
chr8	78183879	79217182	0	0	0
chr8	79217183	80255846	0	0	0
chr8	80255847	81293104	0	0	0
chr8	81293105	82331890	0	0	0
chr8	82331891	83368797	0	0	0
chr8	83368798	84405410	0	0	0
chr8	84405411	85456241	0	0	0
chr8	85456242	86503572	0	0	0
chr8	86503573	87814693	0	0	0
chr8	87814694	88880179	0	0	0
chr8	88880180	89929661	1	1	1
chr8	89929662	90993330	0	0	0
chr8	90993331	92029623	0	0	0
chr8	92029624	93094239	0	0	0
chr8	93094240	94126469	0	0	0
chr8	94126470	95168542	0	0	0
chr8	95168543	96193076	0	0	0
chr8	96193077	97247291	0	0	0
chr8	97247292	98282913	0	0	0
chr8	98282914	99328312	0	0	0
chr8	99328313	100392413	0	0	0
chr8	100392414	101444709	0	0	0
chr8	101444710	102474098	0	0	0
chr8	102474099	103520057	0	0	0
chr8	103520058	104541470	0	0	0
chr8	104541471	105587631	0	0	0
chr8	105587632	106616826	0	0	0
chr8	106616827	107652076	0	0	0
chr8	107652077	108681486	0	0	0
chr8	108681487	109732352	0	0	0
chr8	109732353	110762595	0	0	0
chr8	110762596	111798907	0	0	0
chr8	111798908	112830803	0	0	0
chr8	112830804	113863658	0	0	0
chr8	113863659	114896678	0	0	0
chr8	114896679	115960593	0	0	0
chr8	115960594	116992031	0	0	0
chr8	116992032	118019947	0	0	0
chr8	118019948	119050442	0	0	0
chr8	119050443	120084351	0	0	0
chr8	120084352	121138226	0	0	0
chr8	121138227	122186111	0	0	0
chr8	122186112	123219378	0	0	0
chr8	123219379	124250572	0	0	0
chr8	124250573	125274965	0	0	0
chr8	125274966	126300053	0	0	0
chr8	126300054	127337698	0	0	0
chr8	127337699	128383250	0	0	0
chr8	128383251	129414031	0	0	0
chr8	129414032	130475689	0	0	0
chr8	130475690	131500159	0	0	0
chr8	131500160	132539123	0	0	0
chr8	132539124	133581385	0	0	0
chr8	133581386	134603787	0	0	0
chr8	134603788	135638108	0	0	0
chr8	135638109	136667589	0	0	0
chr8	136667590	137712286	0	0	0
chr8	137712287	138748684	0	0	0
chr8	138748685	139797421	0	0	0
chr8	139797422	140817746	0	0	0
chr8	140817747	141845154	0	0	0
chr8	141845155	142949391	0	0	0
chr8	142949392	143991663	0	0	0
chr8	143991664	145024344	0	0	0
chr8	145024345	146364022	0	0	0
chr9	1	1183283	1	1	1
chr9	1183284	2230092	0	0	0
chr9	2230093	3252103	0	0	0
chr9	3252104	4276384	0	0	0
chr9	4276385	5322416	0	0	0
chr9	5322417	6375724	0	0	0
chr9	6375725	7402492	0	0	0
chr9	7402493	8433742	0	0	0
chr9	8433743	9449863	0	0	0
chr9	9449864	10478495	0	0	0
chr9	10478496	11510273	0	0	0
chr9	11510274	12547159	0	0	0
chr9	12547160	13573716	0	0	0
chr9	13573717	14591723	0	0	0
chr9	14591724	15638694	0	0	0
chr9	15638695	16672882	0	0	0
chr9	16672883	17709019	0	0	0
chr9	17709020	18749143	0	0	0
chr9	18749144	19784689	0	0	0
chr9	19784690	20825116	0	0	0
chr9	20825117	21870831	0	0	0
chr9	21870832	22920606	0	0	0
chr9	22920607	23944602	0	0	0
chr9	23944603	24991103	0	0	0
chr9	24991104	26021206	0	0	0
chr9	26021207	27050377	0	0	0
chr9	27050378	28074065	0	0	0
chr9	28074066	29121792	0	0	0
chr9	29121793	30147200	0	0	0
chr9	30147201	31188870	0	0	0
chr9	31188871	32246454	0	0	0
chr9	32246455	33279808	0	0	0
chr9	33279809	34362325	0	0	0
chr9	34362326	35410639	0	0	0
chr9	35410640	36426922	0	0	0
chr9	36426923	37446063	0	0	0
chr9	37446064	38461148	0	0	0
chr9	38461149	71441008	0	0	0
chr9	71441009	72484677	0	0	0
chr9	72484678	73540920	0	0	0
chr9	73540921	74557580	0	0	0
chr9	74557581	75579670	0	0	0
chr9	75579671	76592879	0	0	0
chr9	76592880	77615542	0	0	0
chr9	77615543	78646371	0	0	0
chr9	78646372	79670510	0	0	0
chr9	79670511	80700863	0	0	0
chr9	80700864	81734237	0	0	0
chr9	81734238	82770217	0	1	0
chr9	82770218	83809726	1	0	1
chr9	83809727	84867683	0	0	0
chr9	84867684	85906923	0	0	0
chr9	85906924	86962356	0	0	0
chr9	86962357	87982699	0	0	0
chr9	87982700	89059322	0	0	0
chr9	89059323	90084498	0	0	0
chr9	90084499	91156861	0	0	0
chr9	91156862	92177015	1	1	1
chr9	92177016	93458017	0	0	0
chr9	93458018	94484592	0	0	0
chr9	94484593	95526196	0	0	0
chr9	95526197	96556800	1	1	1
chr9	96556801	97683139	0	0	0
chr9	97683140	98700632	0	0	0
chr9	98700633	99810484	0	0	0
chr9	99810485	100863870	0	0	0
chr9	100863871	101880240	0	0	0
chr9	101880241	102902414	0	0	0
chr9	102902415	103951819	0	0	0
chr9	103951820	104988269	0	0	0
chr9	104988270	106017952	0	0	0
chr9	106017953	107056477	0	0	0
chr9	107056478	108072598	0	0	0
chr9	108072599	109128897	0	0	0
chr9	109128898	110152079	0	0	0
chr9	110152080	111167373	0	0	0
chr9	111167374	112187891	0	0	0
chr9	112187892	113222916	1	1	1
chr9	113222917	114249036	0	0	0
chr9	114249037	115263347	0	0	0
chr9	115263348	116329413	0	0	0
chr9	116329414	117341542	0	0	0
chr9	117341543	118360689	0	0	0
chr9	118360690	119386858	0	0	0
chr9	119386859	120401286	0	0	0
chr9	120401287	121418093	0	0	0
chr9	121418094	122446115	0	0	0
chr9	122446116	123471064	0	0	0
chr9	123471065	124488146	0	0	0
chr9	124488147	125518271	0	0	0
chr9	125518272	126535777	0	0	0
chr9	126535778	127552984	0	0	0
chr9	127552985	128577370	0	0	0
chr9	128577371	129587025	0	0	0
chr9	129587026	130601771	0	0	0
chr9	130601772	131621417	0	0	0
chr9	131621418	132633511	0	0	0
chr9	132633512	133797273	0	0	0
chr9	133797274	134814634	0	0	0
chr9	134814635	135827276	0	0	0
chr9	135827277	136852666	0	0	0
chr9	136852667	137927936	0	0	0
chr9	137927937	138963550	0	0	0
chr9	138963551	140029248	0	0	0
chr9	140029249	141213431	0	0	0
chr10	1	1149034	1	1	1
chr10	1149035	2192465	0	0	0
chr10	2192466	3212859	0	0	0
chr10	3212860	4230285	0	0	0
chr10	4230286	5301918	0	0	0
chr10	5301919	6320975	0	0	0
chr10	6320976	7381095	0	0	0
chr10	7381096	8397958	0	0	0
chr10	8397959	9417347	0	0	0
chr10	9417348	10453293	0	0	0
chr10	10453294	11481095	0	0	0
chr10	11481096	12511968	1	1	1
chr10	12511969	13544227	0	0	0
chr10	13544228	14559403	0	0	0
chr10	14559404	15593326	0	0	0
chr10	15593327	16628347	0	0	0
chr10	16628348	17650921	0	0	0
chr10	17650922	19099946	0	0	0
chr10	19099947	20143519	0	0	0
chr10	20143520	21194447	0	0	0
chr10	21194448	22224846	0	0	0
chr10	22224847	23267198	0	0	0
chr10	23267199	24308528	0	0	0
chr10	24308529	25338505	0	0	0
chr10	25338506	26390696	0	0	0
chr10	26390697	27423909	0	0	0
chr10	27423910	28468984	0	0	0
chr10	28468985	29487787	0	0	0
chr10	29487788	30520579	0	0	0
chr10	30520580	31563606	0	0	0
chr10	31563607	32614016	0	0	0
chr10	32614017	33670424	0	0	0
chr10	33670425	34695550	0	0	0
chr10	34695551	35715814	0	0	0
chr10	35715815	36758101	0	0	0
chr10	36758102	37838694	1	1	1
chr10	37838695	43591725	0	0	0
chr10	43591726	44628987	0	0	0
chr10	44628988	45679537	0	0	0
chr10	45679538	48394290	0	0	0
chr10	48394291	50092569	0	0	0
chr10	50092570	51512967	0	0	0
chr10	51512968	52946853	0	0	0
chr10	52946854	53982959	0	0	0
chr10	53982960	55021861	0	0	0
chr10	55021862	56068670	0	0	0
chr10	56068671	57101120	0	0	0
chr10	57101121	58143005	0	0	0
chr10	58143006	59180370	0	0	0
chr10	59180371	60216650	0	0	0
chr10	60216651	61259711	0	0	0
chr10	61259712	62284809	0	0	0
chr10	62284810	63312441	0	0	0
chr10	63312442	64331315	0	0	0
chr10	64331316	65366855	0	0	0
chr10	65366856	66408171	0	0	0
chr10	66408172	67444359	0	0	0
chr10	67444360	68475623	0	0	0
chr10	68475624	69540213	0	0	0
chr10	69540214	70561980	0	0	0
chr10	70561981	71582412	0	0	0
chr10	71582413	72607896	0	0	0
chr10	72607897	73620678	0	0	0
chr10	73620679	74649994	1	0	0
chr10	74649995	75719062	0	0	0
chr10	75719063	76746532	0	0	0
chr10	76746533	77772382	0	0	0
chr10	77772383	78817475	0	0	0
chr10	78817476	79839684	1	0	0
chr10	79839685	80864072	0	0	0
chr10	80864073	82123509	0	0	0
chr10	82123510	83162839	0	0	0
chr10	83162840	84202295	0	0	0
chr10	84202296	85229972	0	0	0
chr10	85229973	86269828	0	0	0
chr10	86269829	87325148	0	0	0
chr10	87325149	88357455	0	0	0
chr10	88357456	89679840	0	0	0
chr10	89679841	90702761	0	0	0
chr10	90702762	91730322	0	0	0
chr10	91730323	92779151	0	0	0
chr10	92779152	93840785	0	0	0
chr10	93840786	94870190	0	0	0
chr10	94870191	95895933	0	0	0
chr10	95895934	96978011	0	0	0
chr10	96978012	98006451	0	0	0
chr10	98006452	99027462	0	0	0
chr10	99027463	100060953	0	0	0
chr10	100060954	101122082	0	0	0
chr10	101122083	102172190	0	0	0
chr10	102172191	103195758	0	0	0
chr10	103195759	104219218	0	0	0
chr10	104219219	105245600	0	0	0
chr10	105245601	106261913	0	0	0
chr10	106261914	107302702	0	0	0
chr10	107302703	108340250	1	1	1
chr10	108340251	109367532	0	0	0
chr10	109367533	110402009	0	0	0
chr10	110402010	111457128	0	0	0
chr10	111457129	112491068	0	0	0
chr10	112491069	113525192	0	0	0
chr10	113525193	114568776	0	0	0
chr10	114568777	115586580	0	0	0
chr10	115586581	116604265	0	0	0
chr10	116604266	117647653	0	0	0
chr10	117647654	118668920	0	0	0
chr10	118668921	119696080	0	0	0
chr10	119696081	120717477	0	0	0
chr10	120717478	121741957	0	0	0
chr10	121741958	122786821	0	0	0
chr10	122786822	123805833	0	0	0
chr10	123805834	124860708	0	0	0
chr10	124860709	125925620	0	0	0
chr10	125925621	126946766	0	0	0
chr10	126946767	127980302	0	0	0
chr10	127980303	129161614	0	0	0
chr10	129161615	130184896	0	0	0
chr10	130184897	131199111	0	0	0
chr10	131199112	132228430	0	0	0
chr10	132228431	133252356	0	0	0
chr10	133252357	134387213	0	0	0
chr10	134387214	135534747	0	0	0
chr11	1	1281864	1	1	1
chr11	1281865	2326003	0	0	0
chr11	2326004	3452120	0	0	0
chr11	3452121	4686606	0	0	0
chr11	4686607	5751861	0	0	0
chr11	5751862	6805552	0	0	0
chr11	6805553	7874363	0	0	0
chr11	7874364	8929838	0	0	0
chr11	8929839	9970367	0	0	0
chr11	9970368	11013619	0	0	0
chr11	11013620	12042977	0	0	0
chr11	12042978	13070469	0	0	0
chr11	13070470	14131443	0	0	0
chr11	14131444	15203794	0	0	0
chr11	15203795	16230370	0	0	0
chr11	16230371	17282341	0	0	0
chr11	17282342	18322178	0	0	0
chr11	18322179	19368423	0	0	0
chr11	19368424	20399729	0	0	0
chr11	20399730	21440642	0	0	0
chr11	21440643	22491644	0	0	0
chr11	22491645	23560366	0	0	0
chr11	23560367	24606850	0	0	0
chr11	24606851	25670543	0	0	0
chr11	25670544	26718135	0	0	0
chr11	26718136	27768936	1	1	1
chr11	27768937	28824868	0	0	0
chr11	28824869	29878923	0	0	0
chr11	29878924	30918914	1	1	1
chr11	30918915	31968708	0	0	0
chr11	31968709	33015189	0	0	0
chr11	33015190	34051595	0	0	0
chr11	34051596	35089319	0	0	0
chr11	35089320	36126226	0	0	0
chr11	36126227	37172560	0	0	0
chr11	37172561	38212688	0	0	0
chr11	38212689	39252876	0	0	0
chr11	39252877	40313617	0	0	0
chr11	40313618	41353758	1	1	1
chr11	41353759	42389890	0	0	0
chr11	42389891	43463922	0	0	0
chr11	43463923	44497728	0	0	0
chr11	44497729	45527000	0	0	0
chr11	45527001	46556004	1	1	1
chr11	46556005	47593555	0	0	0
chr11	47593556	48694722	0	0	0
chr11	48694723	50034164	0	0	0
chr11	50034165	55890829	0	0	0
chr11	55890830	56951154	0	0	0
chr11	56951155	57993202	0	0	0
chr11	57993203	59053315	0	0	0
chr11	59053316	60099536	0	0	0
chr11	60099537	61196819	0	0	0
chr11	61196820	62235923	0	0	0
chr11	62235924	63322154	0	0	0
chr11	63322155	64350354	0	0	0
chr11	64350355	65377089	0	0	0
chr11	65377090	66411461	0	0	0
chr11	66411462	67444765	0	0	0
chr11	67444766	68593073	0	0	0
chr11	68593074	69664618	0	0	0
chr11	69664619	70738461	0	0	0
chr11	70738462	71907465	0	0	0
chr11	71907466	72937170	0	0	0
chr11	72937171	73970321	0	0	0
chr11	73970322	75021949	0	0	0
chr11	75021950	76053824	0	0	0
chr11	76053825	77098317	0	0	0
chr11	77098318	78151016	0	0	0
chr11	78151017	79177407	0	0	0
chr11	79177408	80207836	0	0	0
chr11	80207837	81232560	0	0	0
chr11	81232561	82280554	0	0	0
chr11	82280555	83321820	0	0	0
chr11	83321821	84356315	0	0	0
chr11	84356316	85402889	0	0	0
chr11	85402890	86448320	0	0	0
chr11	86448321	87517254	0	0	0
chr11	87517255	88625453	0	0	0
chr11	88625454	90139847	0	0	0
chr11	90139848	91188294	0	0	0
chr11	91188295	92230942	0	0	0
chr11	92230943	93283186	0	0	0
chr11	93283187	94347295	0	0	0
chr11	94347296	95392907	0	0	0
chr11	95392908	96579822	1	1	1
chr11	96579823	97624327	0	0	0
chr11	97624328	98664658	0	0	0
chr11	98664659	99703646	0	0	0
chr11	99703647	100762094	0	0	0
chr11	100762095	101814873	0	0	0
chr11	101814874	102856720	0	0	0
chr11	102856721	103899759	0	0	0
chr11	103899760	104931797	0	0	0
chr11	104931798	105958527	0	0	0
chr11	105958528	106994375	0	0	0
chr11	106994376	108032031	0	0	0
chr11	108032032	109091167	1	1	1
chr11	109091168	110136340	0	0	0
chr11	110136341	111173249	0	0	0
chr11	111173250	112202333	0	0	0
chr11	112202334	113229184	0	0	0
chr11	113229185	114258532	0	0	0
chr11	114258533	115299314	0	0	0
chr11	115299315	116327281	0	0	0
chr11	116327282	117366098	0	0	0
chr11	117366099	118390500	0	0	0
chr11	118390501	119425275	0	0	0
chr11	119425276	120444082	0	0	0
chr11	120444083	121470760	0	0	0
chr11	121470761	122513129	0	0	0
chr11	122513130	123538724	0	0	0
chr11	123538725	124581056	0	0	0
chr11	124581057	125616791	0	0	0
chr11	125616792	126648866	0	0	0
chr11	126648867	127681298	0	0	0
chr11	127681299	128711713	0	0	0
chr11	128711714	129759660	0	0	0
chr11	129759661	130792750	0	0	0
chr11	130792751	131829341	0	0	0
chr11	131829342	132860124	0	0	0
chr11	132860125	133896008	0	0	0
chr11	133896009	135006516	0	0	0
chr12	1	1189813	1	1	1
chr12	1189814	2220083	0	0	0
chr12	2220084	3252079	0	0	0
chr12	3252080	4286863	0	0	0
chr12	4286864	5320474	0	0	0
chr12	5320475	6359572	1	1	1
chr12	6359573	7442078	0	0	0
chr12	7442079	8620020	0	0	0
chr12	8620021	9794928	0	0	0
chr12	9794929	10849290	0	0	0
chr12	10849291	11916813	0	0	0
chr12	11916814	12952824	0	0	0
chr12	12952825	13981468	0	0	0
chr12	13981469	15010490	0	0	0
chr12	15010491	16031271	0	0	0
chr12	16031272	17058165	1	1	1
chr12	17058166	18117722	0	0	0
chr12	18117723	19150691	0	0	0
chr12	19150692	20178374	0	0	0
chr12	20178375	21213820	0	0	0
chr12	21213821	22271636	0	0	0
chr12	22271637	23328924	0	0	0
chr12	23328925	24354103	0	0	0
chr12	24354104	25375581	0	0	0
chr12	25375582	26413463	0	0	0
chr12	26413464	27455751	0	0	0
chr12	27455752	28488413	0	0	0
chr12	28488414	29529843	0	0	0
chr12	29529844	30579291	0	0	0
chr12	30579292	31692567	0	0	0
chr12	31692568	32730697	0	0	0
chr12	32730698	33778280	0	0	0
chr12	33778281	38946086	0	0	0
chr12	38946087	39993766	0	0	0
chr12	39993767	41029020	0	0	0
chr12	41029021	42056640	0	0	0
chr12	42056641	43104617	0	0	0
chr12	43104618	44136242	1	0	1
chr12	44136243	45175027	0	1	0
chr12	45175028	46207905	0	0	0
chr12	46207906	47240582	0	0	0
chr12	47240583	48274170	0	0	0
chr12	48274171	49317279	0	0	0
chr12	49317280	50336722	0	0	0
chr12	50336723	51355341	0	0	0
chr12	51355342	52387155	0	0	0
chr12	52387156	53410471	0	0	0
chr12	53410472	54428360	0	0	0
chr12	54428361	55488610	0	0	0
chr12	55488611	56563654	0	0	0
chr12	56563655	57599741	0	0	0
chr12	57599742	58636277	0	0	0
chr12	58636278	59672599	0	0	0
chr12	59672600	60704282	0	0	0
chr12	60704283	61754306	0	0	0
chr12	61754307	62785240	0	0	0
chr12	62785241	63808254	0	0	0
chr12	63808255	64931176	0	0	0
chr12	64931177	65956551	0	0	0
chr12	65956552	66988624	0	0	0
chr12	66988625	68002468	0	0	0
chr12	68002469	69030511	0	0	0
chr12	69030512	70051291	0	0	0
chr12	70051292	71100368	0	0	0
chr12	71100369	72128494	0	0	0
chr12	72128495	73159197	0	0	0
chr12	73159198	74204275	0	0	0
chr12	74204276	75235798	0	0	0
chr12	75235799	76260658	0	0	0
chr12	76260659	77278375	0	0	0
chr12	77278376	78310636	0	0	0
chr12	78310637	79331273	0	0	0
chr12	79331274	80357923	0	0	0
chr12	80357924	81409901	0	0	0
chr12	81409902	82435832	0	0	0
chr12	82435833	83460678	1	1	1
chr12	83460679	84509770	0	0	0
chr12	84509771	85522302	0	0	0
chr12	85522303	86544631	0	0	0
chr12	86544632	87595837	0	0	0
chr12	87595838	88638351	0	0	0
chr12	88638352	89667403	0	0	0
chr12	89667404	90684115	0	0	0
chr12	90684116	91705268	0	0	0
chr12	91705269	92725299	0	0	0
chr12	92725300	93747626	0	0	0
chr12	93747627	94768876	0	0	0
chr12	94768877	95786831	0	0	0
chr12	95786832	96822293	0	0	0
chr12	96822294	97847839	0	0	0
chr12	97847840	98887091	0	0	0
chr12	98887092	99904557	0	0	0
chr12	99904558	100923805	1	1	1
chr12	100923806	101960586	0	0	0
chr12	101960587	102983416	0	0	0
chr12	102983417	104019876	0	0	0
chr12	104019877	105042366	0	0	0
chr12	105042367	106077257	1	1	1
chr12	106077258	107106403	0	0	0
chr12	107106404	108125224	0	0	0
chr12	108125225	109135239	0	0	0
chr12	109135240	110197680	0	0	0
chr12	110197681	111213670	0	0	0
chr12	111213671	112227869	0	0	0
chr12	112227870	113254354	0	0	0
chr12	113254355	114262025	0	0	0
chr12	114262026	115274787	0	0	0
chr12	115274788	116285050	0	0	0
chr12	116285051	117291218	0	0	0
chr12	117291219	118302423	0	0	0
chr12	118302424	119323277	0	0	0
chr12	119323278	120337440	1	1	1
chr12	120337441	121356007	0	0	0
chr12	121356008	122376625	0	0	0
chr12	122376626	123459067	0	0	0
chr12	123459068	124475970	0	0	0
chr12	124475971	125487294	0	0	0
chr12	125487295	126502496	0	0	0
chr12	126502497	127521555	0	0	0
chr12	127521556	128540597	0	0	0
chr12	128540598	129563476	0	0	0
chr12	129563477	130591133	1	1	1
chr12	130591134	131609106	0	0	0
chr12	131609107	132694214	0	0	0
chr12	132694215	133851895	0	0	0
chr13	1	20399029	1	1	1
chr13	20399030	21420227	0	0	0
chr13	21420228	22463480	0	0	0
chr13	22463481	23503608	1	1	1
chr13	23503609	24540263	0	0	0
chr13	24540264	25627568	0	0	0
chr13	25627569	26655617	0	0	0
chr13	26655618	27676538	0	0	0
chr13	27676539	28694665	0	0	0
chr13	28694666	29720847	0	0	0
chr13	29720848	30752847	0	0	0
chr13	30752848	31782400	0	0	0
chr13	31782401	32819788	0	0	0
chr13	32819789	33840786	0	0	0
chr13	33840787	34867091	0	0	0
chr13	34867092	35902846	0	0	0
chr13	35902847	36934236	0	0	0
chr13	36934237	37968789	0	0	0
chr13	37968790	39009118	0	0	0
chr13	39009119	40030371	0	0	0
chr13	40030372	41061530	0	0	0
chr13	41061531	42121428	0	0	0
chr13	42121429	43166645	0	0	0
chr13	43166646	44195314	0	0	0
chr13	44195315	45224731	0	0	0
chr13	45224732	46263595	0	0	0
chr13	46263596	47309795	0	0	0
chr13	47309796	48353711	0	0	0
chr13	48353712	49396121	0	0	0
chr13	49396122	50432834	0	0	0
chr13	50432835	51471474	0	0	0
chr13	51471475	52517448	0	0	0
chr13	52517449	53727053	1	0	0
chr13	53727054	54754874	0	0	0
chr13	54754875	55780734	0	0	0
chr13	55780735	56814926	0	0	0
chr13	56814927	57875876	0	0	0
chr13	57875877	58903953	0	0	0
chr13	58903954	59935277	0	0	0
chr13	59935278	60967606	0	0	0
chr13	60967607	62008052	0	0	0
chr13	62008053	63026676	0	0	0
chr13	63026677	64047538	0	0	0
chr13	64047539	65136643	0	0	0
chr13	65136644	66154588	1	1	0
chr13	66154589	67187976	0	0	1
chr13	67187977	68218172	0	0	0
chr13	68218173	69249537	0	0	0
chr13	69249538	70271822	0	0	0
chr13	70271823	71299713	0	0	0
chr13	71299714	72319037	0	0	0
chr13	72319038	73350129	0	0	0
chr13	73350130	74377406	0	0	0
chr13	74377407	75410375	0	0	0
chr13	75410376	76444343	0	0	0
chr13	76444344	77479050	1	1	0
chr13	77479051	78511314	0	0	1
chr13	78511315	79545592	0	0	0
chr13	79545593	80587286	0	0	0
chr13	80587287	81619574	0	0	0
chr13	81619575	82661177	0	0	0
chr13	82661178	83687731	0	0	0
chr13	83687732	84714310	0	0	0
chr13	84714311	85738846	0	0	0
chr13	85738847	86917447	0	0	0
chr13	86917448	87950562	0	0	0
chr13	87950563	88979743	1	1	1
chr13	88979744	90009736	0	0	0
chr13	90009737	91025307	0	0	0
chr13	91025308	92052914	0	0	0
chr13	92052915	93083569	0	0	0
chr13	93083570	94124240	0	0	0
chr13	94124241	95156005	0	0	0
chr13	95156006	96180995	0	0	0
chr13	96180996	97219879	0	0	0
chr13	97219880	98244704	0	0	0
chr13	98244705	99284204	0	0	0
chr13	99284205	100307989	0	0	0
chr13	100307990	101335422	0	0	0
chr13	101335423	102375210	0	0	0
chr13	102375211	103398890	0	0	0
chr13	103398891	104421069	0	0	0
chr13	104421070	105443212	0	0	0
chr13	105443213	106472137	0	0	0
chr13	106472138	107501568	0	0	0
chr13	107501569	108528077	0	0	0
chr13	108528078	109563225	0	0	0
chr13	109563226	110590065	0	0	0
chr13	110590066	111620075	0	0	0
chr13	111620076	112797695	0	0	0
chr13	112797696	113861800	0	0	0
chr13	113861801	115169878	0	0	0
chr14	1	21041753	1	1	1
chr14	21041754	22088166	0	0	0
chr14	22088167	23126816	0	0	0
chr14	23126817	24160766	0	0	0
chr14	24160767	25255506	0	0	0
chr14	25255507	26300889	0	0	0
chr14	26300890	27347087	0	0	0
chr14	27347088	28411214	0	0	0
chr14	28411215	29453527	0	0	0
chr14	29453528	30488064	0	0	0
chr14	30488065	31529657	0	0	0
chr14	31529658	32571276	0	0	0
chr14	32571277	33611049	0	0	0
chr14	33611050	34636366	0	0	0
chr14	34636367	35694014	0	0	0
chr14	35694015	36736666	0	0	0
chr14	36736667	37772700	0	0	0
chr14	37772701	38823729	0	0	0
chr14	38823730	39870339	0	0	0
chr14	39870340	40942652	0	0	0
chr14	40942653	41984960	0	0	0
chr14	41984961	43028331	1	0	1
chr14	43028332	44090623	0	1	0
chr14	44090624	45139695	0	0	0
chr14	45139696	46196675	0	0	0
chr14	46196676	47260090	0	0	0
chr14	47260091	48294161	0	0	0
chr14	48294162	49353568	0	0	0
chr14	49353569	50390355	0	0	0
chr14	50390356	51420769	0	0	0
chr14	51420770	52458556	0	0	0
chr14	52458557	53498404	0	0	0
chr14	53498405	54542595	0	0	0
chr14	54542596	55575885	0	0	0
chr14	55575886	56610047	0	0	0
chr14	56610048	57654961	0	0	0
chr14	57654962	58702915	0	0	0
chr14	58702916	59724969	0	0	0
chr14	59724970	60769485	0	1	0
chr14	60769486	61827782	1	0	1
chr14	61827783	62858482	0	0	0
chr14	62858483	63904859	0	0	0
chr14	63904860	64928975	0	0	0
chr14	64928976	65953758	0	1	0
chr14	65953759	66999062	1	0	1
chr14	66999063	68039988	0	0	0
chr14	68039989	69069986	0	0	0
chr14	69069987	70087623	0	0	0
chr14	70087624	71131685	0	0	0
chr14	71131686	72166251	0	0	0
chr14	72166252	73203644	0	0	0
chr14	73203645	74247790	0	0	0
chr14	74247791	75272950	0	0	0
chr14	75272951	76291787	0	0	0
chr14	76291788	77317786	0	0	0
chr14	77317787	78339709	0	0	0
chr14	78339710	79357942	0	0	0
chr14	79357943	80396025	0	0	0
chr14	80396026	81435478	1	1	1
chr14	81435479	82471408	0	0	0
chr14	82471409	83496169	0	0	0
chr14	83496170	84519312	0	0	0
chr14	84519313	85540101	0	0	0
chr14	85540102	86585407	0	0	0
chr14	86585408	87623017	0	0	0
chr14	87623018	88658980	0	0	0
chr14	88658981	89688557	0	0	0
chr14	89688558	90715586	0	0	0
chr14	90715587	91737234	0	0	0
chr14	91737235	92772665	0	0	0
chr14	92772666	93801012	0	0	0
chr14	93801013	94825257	0	0	0
chr14	94825258	95845161	0	0	0
chr14	95845162	96862408	0	0	0
chr14	96862409	97885192	0	0	0
chr14	97885193	98901676	0	0	0
chr14	98901677	99921823	0	0	0
chr14	99921824	100940155	0	0	0
chr14	100940156	101963478	0	0	0
chr14	101963479	102993082	0	0	0
chr14	102993083	104018200	0	0	0
chr14	104018201	105044048	0	0	0
chr14	105044049	106141304	0	0	0
chr14	106141305	107349540	0	0	0
chr15	1	23022340	1	1	1
chr15	23022341	24526174	0	0	0
chr15	24526175	25628460	0	0	0
chr15	25628461	26639361	0	0	0
chr15	26639362	27655576	0	0	0
chr15	27655577	29140276	0	0	0
chr15	29140277	30208215	0	0	0
chr15	30208216	31800323	0	0	0
chr15	31800324	33299117	0	0	0
chr15	33299118	34316579	0	0	0
chr15	34316580	35430020	0	0	0
chr15	35430021	36455038	1	1	1
chr15	36455039	37476314	0	0	0
chr15	37476315	38522974	0	0	0
chr15	38522975	39552478	0	0	0
chr15	39552479	40574783	0	0	0
chr15	40574784	41593350	0	0	0
chr15	41593351	42611035	0	0	0
chr15	42611036	43635734	1	1	1
chr15	43635735	44793012	0	0	0
chr15	44793013	45887197	0	0	0
chr15	45887198	46922736	0	0	0
chr15	46922737	47956856	0	0	0
chr15	47956857	48964016	0	0	0
chr15	48964017	50000960	0	0	0
chr15	50000961	51025630	0	0	0
chr15	51025631	52064591	0	0	0
chr15	52064592	53084840	0	0	0
chr15	53084841	54125459	0	0	0
chr15	54125460	55150872	0	0	0
chr15	55150873	56193028	0	0	0
chr15	56193029	57242004	0	0	0
chr15	57242005	58251316	1	1	1
chr15	58251317	59269524	0	0	0
chr15	59269525	60286545	0	0	0
chr15	60286546	61302802	0	0	0
chr15	61302803	62324303	0	0	0
chr15	62324304	63340584	0	0	0
chr15	63340585	64357428	0	0	0
chr15	64357429	65381151	0	0	0
chr15	65381152	66396609	0	0	0
chr15	66396610	67410698	0	0	0
chr15	67410699	68427699	0	0	0
chr15	68427700	69443145	0	0	0
chr15	69443146	70455600	0	0	0
chr15	70455601	71489460	0	0	0
chr15	71489461	72515678	0	0	0
chr15	72515679	73577285	0	0	0
chr15	73577286	74636091	0	0	0
chr15	74636092	75707232	0	0	0
chr15	75707233	76748674	1	1	1
chr15	76748675	77788949	0	0	0
chr15	77788950	78835888	0	0	0
chr15	78835889	79880491	0	0	0
chr15	79880492	80904265	0	0	0
chr15	80904266	81918474	0	0	0
chr15	81918475	83608138	0	0	0
chr15	83608139	84643070	0	0	0
chr15	84643071	85976830	0	0	0
chr15	85976831	86998958	0	0	0
chr15	86998959	88045865	0	0	0
chr15	88045866	89070391	0	0	0
chr15	89070392	90100226	0	0	0
chr15	90100227	91125055	0	0	0
chr15	91125056	92153414	1	1	1
chr15	92153415	93171614	0	0	0
chr15	93171615	94200430	0	0	0
chr15	94200431	95224202	0	0	0
chr15	95224203	96233857	0	0	0
chr15	96233858	97244653	0	0	0
chr15	97244654	98282728	0	0	0
chr15	98282729	99300994	0	0	0
chr15	99300995	100318469	0	0	0
chr15	100318470	101377863	0	0	0
chr15	101377864	102531392	0	0	0
chr16	1	1112477	1	1	1
chr16	1112478	2151671	0	0	0
chr16	2151672	3291588	0	0	0
chr16	3291589	4308967	0	0	0
chr16	4308968	5353141	0	0	0
chr16	5353142	6364481	0	0	0
chr16	6364482	7371258	0	0	0
chr16	7371259	8387885	1	1	1
chr16	8387886	9459475	0	0	0
chr16	9459476	10486173	0	0	0
chr16	10486174	11499285	0	0	0
chr16	11499286	12535604	0	0	0
chr16	12535605	13552171	0	0	0
chr16	13552172	14568347	0	0	0
chr16	14568348	16100326	0	0	0
chr16	16100327	17586169	0	0	0
chr16	17586170	19156697	0	0	0
chr16	19156698	20167514	0	0	0
chr16	20167515	21277983	0	0	0
chr16	21277984	22796999	0	0	0
chr16	22797000	23812177	0	0	0
chr16	23812178	24822659	0	0	0
chr16	24822660	25837354	0	0	0
chr16	25837355	26853811	0	0	0
chr16	26853812	27862240	0	0	0
chr16	27862241	29294090	0	0	0
chr16	29294091	30700994	0	0	0
chr16	30700995	31746276	0	0	0
chr16	31746277	34209948	0	0	0
chr16	34209949	47493504	1	0	1
chr16	47493505	48543780	0	0	0
chr16	48543781	49579618	0	0	0
chr16	49579619	50599530	0	0	0
chr16	50599531	51625496	0	0	0
chr16	51625497	52653488	0	0	0
chr16	52653489	53685435	0	0	0
chr16	53685436	54711166	0	0	0
chr16	54711167	55732229	0	0	0
chr16	55732230	56791888	0	0	0
chr16	56791889	57812120	0	0	0
chr16	57812121	58836121	0	0	0
chr16	58836122	59897361	0	0	0
chr16	59897362	60948267	0	0	0
chr16	60948268	61985037	0	0	0
chr16	61985038	63007764	0	0	0
chr16	63007765	64050495	0	0	0
chr16	64050496	65070917	0	0	0
chr16	65070918	66111262	0	0	0
chr16	66111263	67137538	0	0	0
chr16	67137539	68161783	0	0	0
chr16	68161784	69191687	0	0	0
chr16	69191688	70386866	0	0	0
chr16	70386867	71450069	0	0	0
chr16	71450070	72487330	0	0	0
chr16	72487331	73518531	0	0	0
chr16	73518532	74624477	0	0	0
chr16	74624478	75654350	0	0	0
chr16	75654351	76699481	0	0	0
chr16	76699482	77721744	0	0	0
chr16	77721745	78738235	0	0	0
chr16	78738236	79754284	0	0	0
chr16	79754285	80785691	0	0	0
chr16	80785692	81807469	0	0	0
chr16	81807470	82835895	0	0	0
chr16	82835896	83857260	0	0	0
chr16	83857261	84878602	0	0	0
chr16	84878603	85902250	0	0	0
chr16	85902251	86937302	0	0	0
chr16	86937303	87972420	0	0	0
chr16	87972421	89125508	0	0	0
chr16	89125509	90354753	0	0	0
chr17	1	1183821	1	1	1
chr17	1183822	2225258	0	0	0
chr17	2225259	3339505	0	0	0
chr17	3339506	4381222	0	0	0
chr17	4381223	5426910	0	0	0
chr17	5426911	6459707	0	0	0
chr17	6459708	7504970	0	0	0
chr17	7504971	8534748	0	0	0
chr17	8534749	9569254	0	0	0
chr17	9569255	10602166	0	0	0
chr17	10602167	11630677	0	0	0
chr17	11630678	12674189	0	0	0
chr17	12674190	13699487	0	0	0
chr17	13699488	14757921	0	0	0
chr17	14757922	15965410	0	0	0
chr17	15965411	17138506	0	0	0
chr17	17138507	18168014	0	0	0
chr17	18168015	19718395	0	0	0
chr17	19718396	21031408	0	0	0
chr17	21031409	26338965	0	0	0
chr17	26338966	27360795	0	0	0
chr17	27360796	28387026	0	0	0
chr17	28387027	29493953	0	0	0
chr17	29493954	30577163	0	0	0
chr17	30577164	31610619	0	0	0
chr17	31610620	32643225	0	0	0
chr17	32643226	33661176	0	0	0
chr17	33661177	35002630	0	0	0
chr17	35002631	36013573	0	0	0
chr17	36013574	37193748	0	0	0
chr17	37193749	38208366	0	0	0
chr17	38208367	39223036	0	0	0
chr17	39223037	40262016	0	0	0
chr17	40262017	41291407	0	0	0
chr17	41291408	42320081	0	0	0
chr17	42320082	43337546	0	0	0
chr17	43337547	44878133	0	0	0
chr17	44878134	45992027	0	0	0
chr17	45992028	47003207	0	0	0
chr17	47003208	48019914	0	0	0
chr17	48019915	49029386	0	0	0
chr17	49029387	50049062	0	0	0
chr17	50049063	51072825	0	0	0
chr17	51072826	52097385	0	0	0
chr17	52097386	53119652	0	0	0
chr17	53119653	54149465	0	0	0
chr17	54149466	55168899	0	0	0
chr17	55168900	56179042	0	0	0
chr17	56179043	57200027	0	0	0
chr17	57200028	58326523	0	0	0
chr17	58326524	59363593	0	0	0
chr17	59363594	60423581	0	0	0
chr17	60423582	61482404	0	0	0
chr17	61482405	62558188	0	0	0
chr17	62558189	63671775	0	0	0
chr17	63671776	64689984	0	0	0
chr17	64689985	65704350	0	0	0
chr17	65704351	66744121	0	0	0
chr17	66744122	67775341	0	0	0
chr17	67775342	68797359	0	0	0
chr17	68797360	69812475	0	0	0
chr17	69812476	70822909	0	0	0
chr17	70822910	71836791	0	0	0
chr17	71836792	72844954	0	0	0
chr17	72844955	73866414	0	0	0
chr17	73866415	74889279	0	0	0
chr17	74889280	75904376	0	0	0
chr17	75904377	76918298	0	0	0
chr17	76918299	78042155	0	0	0
chr17	78042156	79062803	0	0	0
chr17	79062804	80127229	0	0	0
chr17	80127230	81195210	0	0	0
chr18	1	1128857	1	1	1
chr18	1128858	2179231	0	0	0
chr18	2179232	3224729	0	0	0
chr18	3224730	4260328	0	0	0
chr18	4260329	5312524	0	0	0
chr18	5312525	6356453	0	0	0
chr18	6356454	7396576	0	0	0
chr18	7396577	8445149	0	0	0
chr18	8445150	9493248	0	0	0
chr18	9493249	10527458	0	0	0
chr18	10527459	11598820	0	0	0
chr18	11598821	12715969	0	0	0
chr18	12715970	13761485	0	0	0
chr18	13761486	19557825	0	0	0
chr18	19557826	20605634	0	0	0
chr18	20605635	21636331	0	0	0
chr18	21636332	22674715	0	0	0
chr18	22674716	23704336	0	0	0
chr18	23704337	24746241	0	0	0
chr18	24746242	25788316	0	0	0
chr18	25788317	26836656	0	0	0
chr18	26836657	27867871	0	0	0
chr18	27867872	28891972	0	0	0
chr18	28891973	29934214	0	0	0
chr18	29934215	30974381	0	0	0
chr18	30974382	32019357	0	0	0
chr18	32019358	33068812	0	0	0
chr18	33068813	34117872	0	0	0
chr18	34117873	35157540	0	0	0
chr18	35157541	36194325	0	0	0
chr18	36194326	37225694	0	0	0
chr18	37225695	38264193	0	0	0
chr18	38264194	39294297	0	0	0
chr18	39294298	40336419	0	0	0
chr18	40336420	41373158	0	0	0
chr18	41373159	42414378	0	0	0
chr18	42414379	43458233	0	0	0
chr18	43458234	44486033	0	0	0
chr18	44486034	45544658	0	0	0
chr18	45544659	46572889	0	0	0
chr18	46572890	47628789	0	0	0
chr18	47628790	48669599	0	0	0
chr18	48669600	49709132	0	0	0
chr18	49709133	50740051	0	0	0
chr18	50740052	51783064	0	0	0
chr18	51783065	52977020	0	0	0
chr18	52977021	54015329	0	0	0
chr18	54015330	55057910	1	1	1
chr18	55057911	56092146	0	0	0
chr18	56092147	57133025	0	0	0
chr18	57133026	58174987	0	0	0
chr18	58174988	59215502	0	0	0
chr18	59215503	60251708	0	0	0
chr18	60251709	61283748	0	0	0
chr18	61283749	62337234	0	0	0
chr18	62337235	63371075	0	0	0
chr18	63371076	64400550	0	0	0
chr18	64400551	65434379	0	0	0
chr18	65434380	66476059	0	0	0
chr18	66476060	67512750	0	0	0
chr18	67512751	68566662	0	0	0
chr18	68566663	69604715	0	0	0
chr18	69604716	70630908	0	0	0
chr18	70630909	71678694	0	0	0
chr18	71678695	72756194	0	0	0
chr18	72756195	73784134	0	0	0
chr18	73784135	74818594	1	1	1
chr18	74818595	75908577	0	0	0
chr18	75908578	76957909	0	0	0
chr18	76957910	78077248	0	0	0
chr19	1	1303452	1	1	1
chr19	1303453	2337973	0	0	0
chr19	2337974	3377265	0	0	0
chr19	3377266	4411748	1	1	1
chr19	4411749	5446784	0	0	0
chr19	5446785	6483009	0	0	0
chr19	6483010	7642135	0	0	0
chr19	7642136	8748559	0	0	0
chr19	8748560	9837508	0	0	0
chr19	9837509	10867151	0	0	0
chr19	10867152	11900977	0	0	0
chr19	11900978	12964704	0	0	0
chr19	12964705	13993599	0	0	0
chr19	13993600	15050165	0	0	0
chr19	15050166	16094947	0	0	0
chr19	16094948	17123040	1	1	1
chr19	17123041	18155197	0	0	0
chr19	18155198	19181348	0	0	0
chr19	19181349	20223074	0	0	0
chr19	20223075	21377722	0	0	0
chr19	21377723	22446687	0	0	0
chr19	22446688	23530480	0	0	0
chr19	23530481	28819769	0	0	0
chr19	28819770	29884926	0	0	0
chr19	29884927	30942879	0	0	0
chr19	30942880	31982141	0	0	0
chr19	31982142	33023067	0	0	0
chr19	33023068	34087092	0	0	0
chr19	34087093	35139533	0	0	0
chr19	35139534	36202493	0	0	0
chr19	36202494	37309798	0	0	0
chr19	37309799	38421518	0	0	0
chr19	38421519	39483721	0	0	0
chr19	39483722	40582894	0	0	0
chr19	40582895	41679802	0	0	0
chr19	41679803	42736238	0	0	0
chr19	42736239	43995342	0	0	0
chr19	43995343	45060694	0	0	0
chr19	45060695	46114876	0	0	0
chr19	46114877	47172794	0	0	0
chr19	47172795	48229591	0	0	0
chr19	48229592	49338867	0	0	0
chr19	49338868	50410106	0	0	0
chr19	50410107	51528501	0	0	0
chr19	51528502	52588751	0	0	0
chr19	52588752	53668672	0	0	0
chr19	53668673	54766751	0	0	0
chr19	54766752	55884268	0	0	0
chr19	55884269	56965187	0	0	0
chr19	56965188	58022516	0	0	0
chr19	58022517	59128983	0	0	0
chr20	1	1094790	1	1	1
chr20	1094791	2137195	0	0	0
chr20	2137196	3174465	0	0	0
chr20	3174466	4216899	0	0	0
chr20	4216900	5260777	0	0	0
chr20	5260778	6308858	0	0	0
chr20	6308859	7344322	0	0	0
chr20	7344323	8377822	0	0	0
chr20	8377823	9412176	0	0	0
chr20	9412177	10446708	0	0	0
chr20	10446709	11469441	0	0	0
chr20	11469442	12521355	0	0	0
chr20	12521356	13572216	0	0	0
chr20	13572217	14611460	0	0	0
chr20	14611461	15640830	0	0	0
chr20	15640831	16668283	1	1	1
chr20	16668284	17705711	0	0	0
chr20	17705712	18751964	0	0	0
chr20	18751965	19796440	0	0	0
chr20	19796441	20823993	0	0	0
chr20	20823994	21858300	1	1	1
chr20	21858301	22915307	0	0	0
chr20	22915308	23993011	0	0	0
chr20	23993012	25032844	0	0	0
chr20	25032845	30677269	0	0	0
chr20	30677270	31709687	0	0	0
chr20	31709688	32744079	0	0	0
chr20	32744080	33789496	0	0	0
chr20	33789497	34821991	0	0	0
chr20	34821992	35910818	0	0	0
chr20	35910819	36933639	0	0	0
chr20	36933640	37963819	0	0	0
chr20	37963820	39013787	0	0	0
chr20	39013788	40049578	0	0	0
chr20	40049579	41091701	0	0	0
chr20	41091702	42131692	0	0	0
chr20	42131693	43167623	0	0	0
chr20	43167624	44193971	0	0	0
chr20	44193972	45232731	0	0	0
chr20	45232732	46260509	0	0	0
chr20	46260510	47323304	0	0	0
chr20	47323305	48353872	0	0	0
chr20	48353873	49384342	0	0	0
chr20	49384343	50409088	0	0	0
chr20	50409089	51438297	0	0	0
chr20	51438298	52485605	0	0	0
chr20	52485606	53527666	0	0	0
chr20	53527667	54580818	0	0	0
chr20	54580819	55613165	0	0	0
chr20	55613166	56634616	0	0	0
chr20	56634617	57659181	0	0	0
chr20	57659182	58691356	0	0	0
chr20	58691357	59721092	0	0	0
chr20	59721093	60756803	0	0	0
chr20	60756804	61882044	0	0	0
chr20	61882045	63025520	0	0	0
chr21	1	14904688	1	1	1
chr21	14904689	16175554	0	0	0
chr21	16175555	17202862	0	0	0
chr21	17202863	18239316	0	0	0
chr21	18239317	19299648	0	0	0
chr21	19299649	20329532	0	0	0
chr21	20329533	21357473	0	0	0
chr21	21357474	22375395	0	0	0
chr21	22375396	23392161	0	0	0
chr21	23392162	24418052	0	0	0
chr21	24418053	25434171	0	0	0
chr21	25434172	26454728	0	0	0
chr21	26454729	27475593	0	0	0
chr21	27475594	28495244	0	0	0
chr21	28495245	29581766	0	0	0
chr21	29581767	30606325	0	0	0
chr21	30606326	31622831	0	0	0
chr21	31622832	32642389	0	0	0
chr21	32642390	33665708	0	0	0
chr21	33665709	34686474	0	0	0
chr21	34686475	35710267	0	0	0
chr21	35710268	36725649	0	0	0
chr21	36725650	37752636	0	0	0
chr21	37752637	38778185	0	0	0
chr21	38778186	39797410	0	0	0
chr21	39797411	40815079	0	0	0
chr21	40815080	41849802	0	0	0
chr21	41849803	42873699	0	0	0
chr21	42873700	43940667	0	0	0
chr21	43940668	45020230	0	0	0
chr21	45020231	46045216	0	0	0
chr21	46045217	47072426	0	0	0
chr21	47072427	48129895	0	0	0
chr22	1	17985867	1	1	1
chr22	17985868	19247260	0	0	0
chr22	19247261	20269485	0	0	0
chr22	20269486	22093723	0	0	0
chr22	22093724	23195127	0	0	0
chr22	23195128	24265550	0	0	0
chr22	24265551	25412920	1	1	1
chr22	25412921	26474599	0	0	0
chr22	26474600	27492268	0	0	0
chr22	27492269	28514444	0	0	0
chr22	28514445	29566974	0	0	0
chr22	29566975	30600050	0	0	0
chr22	30600051	31626762	0	0	0
chr22	31626763	32658072	0	0	0
chr22	32658073	33690538	0	0	1
chr22	33690539	34705626	1	1	0
chr22	34705627	35749702	0	0	0
chr22	35749703	36779482	0	0	0
chr22	36779483	37793152	0	0	0
chr22	37793153	38834496	0	0	0
chr22	38834497	39869230	0	0	0
chr22	39869231	40887440	0	0	0
chr22	40887441	41919186	0	0	0
chr22	41919187	42976165	0	0	0
chr22	42976166	43999278	0	0	0
chr22	43999279	45017750	0	0	0
chr22	45017751	46039580	0	0	0
chr22	46039581	47057471	0	0	0
chr22	47057472	48078851	0	0	0
chr22	48078852	49094376	0	0	0
chr22	49094377	50119257	0	0	0
chr22	50119258	51304566	0	0	0
chrX	1	3865035	1	1	1
chrX	3865036	4891925	0	0	0
chrX	4891926	5919601	0	0	0
chrX	5919602	6965032	0	0	0
chrX	6965033	8049003	0	0	0
chrX	8049004	9097024	0	0	0
chrX	9097025	10119408	0	0	0
chrX	10119409	11216075	0	0	0
chrX	11216076	12264711	1	1	1
chrX	12264712	13308019	0	0	0
chrX	13308020	14352286	0	0	0
chrX	14352287	15396784	0	0	0
chrX	15396785	16443820	0	0	0
chrX	16443821	17488912	0	0	0
chrX	17488913	18527550	0	0	0
chrX	18527551	19565565	0	0	0
chrX	19565566	20595160	0	0	0
chrX	20595161	21648877	0	0	0
chrX	21648878	22672797	0	0	0
chrX	22672798	23721506	0	0	0
chrX	23721507	24757419	0	0	0
chrX	24757420	25791454	0	0	0
chrX	25791455	26844755	0	0	0
chrX	26844756	27880485	0	0	0
chrX	27880486	28924127	0	0	0
chrX	28924128	29948855	0	0	0
chrX	29948856	30995590	0	0	0
chrX	30995591	32032737	0	0	0
chrX	32032738	33058415	0	0	0
chrX	33058416	34081610	0	0	0
chrX	34081611	35112243	0	0	0
chrX	35112244	36139033	0	0	0
chrX	36139034	37250870	0	0	0
chrX	37250871	38307762	1	1	1
chrX	38307763	39336472	0	0	0
chrX	39336473	40354736	0	0	0
chrX	40354737	41378667	0	0	0
chrX	41378668	42428195	0	0	0
chrX	42428196	43474011	0	0	0
chrX	43474012	44510215	0	0	0
chrX	44510216	45537576	0	0	0
chrX	45537577	46589603	0	0	0
chrX	46589604	47618369	0	0	0
chrX	47618370	48791667	0	0	0
chrX	48791668	50092643	0	0	0
chrX	50092644	51150352	0	0	0
chrX	51150353	53053339	0	0	0
chrX	53053340	54107113	0	0	0
chrX	54107114	55201604	0	0	0
chrX	55201605	56346268	0	0	0
chrX	56346269	57477115	0	0	0
chrX	57477116	62910928	0	0	0
chrX	62910929	64015181	0	0	0
chrX	64015182	65093036	0	0	0
chrX	65093037	66174914	0	0	0
chrX	66174915	67253478	0	0	0
chrX	67253479	68306110	0	0	0
chrX	68306111	69371028	0	0	0
chrX	69371029	70442395	0	0	0
chrX	70442396	71611561	0	0	0
chrX	71611562	72953058	0	0	0
chrX	72953059	74008125	0	0	0
chrX	74008126	75119409	0	0	0
chrX	75119410	76245761	0	0	0
chrX	76245762	77363270	0	0	0
chrX	77363271	78427420	0	0	0
chrX	78427421	79490615	0	0	0
chrX	79490616	80561779	0	0	0
chrX	80561780	81615239	0	0	0
chrX	81615240	82664740	0	0	0
chrX	82664741	83715589	0	0	0
chrX	83715590	84770158	0	0	0
chrX	84770159	85833315	0	0	0
chrX	85833316	86879992	0	0	0
chrX	86879993	87922156	0	0	0
chrX	87922157	89586586	0	0	0
chrX	89586587	91515082	0	0	0
chrX	91515083	93047806	0	0	0
chrX	93047807	94077120	0	0	0
chrX	94077121	95114386	0	0	0
chrX	95114387	96173895	0	0	0
chrX	96173896	97205887	0	0	0
chrX	97205888	98252171	0	0	0
chrX	98252172	99288049	0	0	0
chrX	99288050	100338167	0	0	0
chrX	100338168	101419539	1	1	1
chrX	101419540	102757130	0	0	0
chrX	102757131	103852988	0	0	0
chrX	103852989	104912612	0	0	0
chrX	104912613	105988844	0	0	0
chrX	105988845	107034252	0	0	0
chrX	107034253	108074782	0	0	0
chrX	108074783	109146555	0	0	0
chrX	109146556	110193698	0	0	0
chrX	110193699	111234663	1	1	1
chrX	111234664	112296394	0	0	0
chrX	112296395	113340399	0	0	0
chrX	113340400	114446744	0	0	0
chrX	114446745	115538755	0	0	0
chrX	115538756	116644316	0	0	0
chrX	116644317	117715264	0	0	0
chrX	117715265	118750002	0	0	0
chrX	118750003	119875309	0	0	0
chrX	119875310	121038516	0	0	0
chrX	121038517	122083322	0	0	0
chrX	122083323	123115538	0	0	0
chrX	123115539	124148296	0	0	0
chrX	124148297	125190497	0	0	0
chrX	125190498	126247977	0	0	0
chrX	126247978	127307252	0	0	0
chrX	127307253	128355281	0	0	0
chrX	128355282	129399971	0	0	0
chrX	129399972	130459154	0	0	0
chrX	130459155	131541519	0	0	0
chrX	131541520	132572757	0	0	0
chrX	132572758	133608010	0	0	0
chrX	133608011	134713703	0	0	0
chrX	134713704	135862591	0	0	0
chrX	135862592	136902071	0	0	0
chrX	136902072	137950017	0	0	0
chrX	137950018	138990969	0	0	0
chrX	138990970	140038498	0	0	0
chrX	140038499	141355593	1	1	1
chrX	141355594	142404628	0	0	0
chrX	142404629	143602589	0	0	0
chrX	143602590	144626052	0	0	0
chrX	144626053	145648978	0	0	0
chrX	145648979	146714351	1	1	1
chrX	146714352	147764127	0	0	0
chrX	147764128	148991812	0	0	0
chrX	148991813	150101354	0	0	0
chrX	150101355	151142688	0	0	0
chrX	151142689	152482852	0	0	0
chrX	152482853	153672819	0	0	0
chrX	153672820	155270560	0	0	0
chrY	1	5054978	1	1	1
chrY	5054979	7211371	0	0	0
chrY	7211372	8384058	0	0	0
chrY	8384059	10032319	0	0	0
chrY	10032320	14519128	0	0	0
chrY	14519129	15650414	0	0	0
chrY	15650415	16863899	0	0	0
chrY	16863900	18000249	0	0	0
chrY	18000250	19348540	0	0	0
chrY	19348541	21876900	0	0	0
chrY	21876901	23256191	0	0	0
chrY	23256192	59373566	1	1	1
