0.432078
0.566209
0.582191
0.580007
0.50491
0.47861
0.475113
0.513328
0.474632
0.450615
0.497024
0.483543
0.504529
0.458089
0.453993
0.439767
0.490365
0.495451
0.48766
0.503962
0.489121
0.472298
0.452561
0.50056
0.474105
0.476365
0.467727
0.483633
0.48573
0.461571
0.470579
0.47347
0.478731
0.474792
0.473993
0.456788
0.444455
0.431698
0.486693
0.475786
0.445655
0.449899
0.442321
0.460429
0.440461
0.475898
0.453138
0.437117
0.44924
0.443852
0.400486
0.392906
0.402754
0.416102
0.469273
0.473499
0.435988
0.399751
0.408217
0.410277
0.412791
0.381137
0.403311
0.404513
0.404236
0.405685
0.395064
0.377194
0.408856
0.384565
0.360658
0.378108
0.356418
0.350755
0.349943
0.370513
0.383673
0.380953
0.390359
0.360827
0.35577
0.356469
0.369464
0.365549
0.391815
0.383519
0.390637
0.380517
0.39171
0.378067
0.395272
0.388619
0.406403
0.39292
0.414634
0.409857
0.37574
0.370665
0.350768
0.367248
0.383169
0.383042
0.355028
0.34843
0.34074
0.350097
0.344621
0.361306
0.390053
0.407295
0.460147
0.440794
0.427282
0.433046
0.405834
0.398569
0.415893
0.433175
0.39448
0.387716
0.414831
0.410212
0.411471
0.414955
0.437536
0.462017
0.414907
0.452457
0.467263
0.473547
0.500415
0.428414
0.38258
0.425575
0.443085
0.432092
0.392305
0.373525
0.418916
0.41402
0.406694
0.41498
0.386908
0.379095
0.393054
0.384433
0.390063
0.386004
0.425836
0.389684
0.407592
0.396237
0.4158
0.408391
0.433015
0.418969
0.411297
0.39841
0.374213
0.367972
0.35477
0.341493
0.339259
0.337772
0.344513
0.366492
0.360159
0.341116
0.345347
0.353196
0.365113
0.356677
0.397932
0.467127
0.463385
0.469725
0.464734
0.471481
0.444677
0.415826
0.432634
0.415417
0.412733
0.421212
0.424692
0.412556
0.406751
0.371797
0.363708
0.376333
0.386453
0.380121
0.402329
0.390336
0.402575
0.440896
0.40666
0.440877
0.438394
0.483816
0.461889
0.441292
0.432734
0.417272
0.411055
0.412193
0.443272
0.423116
0.400851
0.378623
0.369694
0.400142
0.392152
0.407593
0.39621
0.424372
0.437392
0.41539
0.397327
0.421691
0.439969
0.464607
0.445777
0.456324
0.379899
0.407207
0.41182
0.412427
0.447221
0.473052
0.454637
0.434354
0.380516
0.359872
0.395158
0.439676
0.389757
0.39578
0.397543
0.453757
0.395998
0.370268
0.441776
0.414793
0.452365
0.465996
0.460103
0.429766
0.435468
0.430336
0.416617
0.404667
0.400332
0.368055
0.360201
0.396428
0.405084
0.417991
0.391013
0.357854
0.403824
0.459907
0.404154
0.419741
0.424108
0.448084
0.421209
0.399214
0.361701
0.358121
0.352033
0.367179
0.399073
0.405299
0.388482
0.356635
0.360974
0.376269
0.416638
0.411586
0.421376
0.374872
0.406858
0.436541
0.396238
0.384305
0.398346
0.414662
0.447559
0.450231
0.409968
0.439515
0.448289
0.386554
0.358538
0.349569
0.367438
0.385102
0.370263
0.356374
0.352469
0.37046
0.428893
0.459267
0.405394
0.430481
0.414714
0.406414
0.451078
0.436928
0.406172
0.424289
0.418669
0.440288
0.425436
0.386124
0.361014
0.417735
0.434738
0.397694
0.392844
0.454265
0.433228
0.43111
0.434822
0.410548
0.439761
0.407768
0.381635
0.373031
0.359659
0.368172
0.408959
0.447265
0.443389
0.471517
0.417862
0.360461
0.382094
0.370558
0.388197
0.463995
0.466378
0.419507
0.45557
0.422445
0.413291
0.395995
0.425474
0.39507
0.407369
0.37538
0.374776
0.359586
0.346173
0.350913
0.362707
0.370068
0.372049
0.35364
0.361699
0.375069
0.397724
0.381139
0.38882
0.400963
0.380797
0.357205
0.345807
0.366349
0.369607
0.391124
0.402295
0.391234
0.371812
0.360458
0.35981
0.364418
0.365577
0.356643
0.371684
0.394867
0.391857
0.406475
0.399198
0.416741
0.406097
0.397969
0.403527
0.391046
0.391928
0.381411
0.369232
0.360312
0.369391
0.374875
0.354064
0.342773
0.353038
0.361899
0.358889
0.357416
0.383647
0.393138
0.364216
0.340241
0.339714
0.366557
0.383294
0.399674
0.367984
0.384907
0.404903
0.405666
0.418656
0.402596
0.386949
0.404524
0.40116
0.414759
0.380631
0.367403
0.363292
0.353027
0.356994
0.358596
0.378801
0.406884
0.436361
0.465342
0.473343
0.446144
0.384183
0.392808
0.399829
0.41361
0.384727
0.372172
0.4019
0.391923
0.389859
0.411245
0.461364
0.47115
0.447813
0.438424
0.461498
0.460135
0.451152
0.478895
0.50304
0.522717
0.511209
0.482016
0.461512
0.368389
0.368967
0.382026
0.392489
0.420755
0.389037
0.371695
0.389994
0.43962
0.468025
0.470095
0.424205
0.498736
0.47985
0.45683
0.415643
0.387662
0.379018
0.368523
0.385653
0.365933
0.363755
0.391737
0.392203
0.387123
0.38151
0.393157
0.374058
0.364096
0.380695
0.402675
0.433291
0.401026
0.377521
0.361702
0.399951
0.440751
0.438558
0.407788
0.417042
0.409996
0.443245
0.416094
0.442586
0.433628
0.467186
0.455647
0.492142
0.518297
0.430312
0.501401
0.449865
0.431919
0.421251
0.399213
0.416616
0.447377
0.396563
0.388852
0.398248
0.402539
0.390747
0.40829
0.398687
0.412045
0.387064
0.387987
0.399143
0.380274
0.425986
0.435261
0.398229
0.369159
0.39835
0.35969
0.361531
0.355895
0.347953
0.35441
0.358708
0.343257
0.340132
0.34563
0.348065
0.359781
0.360898
0.350684
0.365294
0.379806
0.374943
0.346904
0.347769
0.355581
0.374517
0.377307
0.389384
0.390238
0.37065
0.346186
0.35186
0.358725
0.366679
0.386028
0.380213
0.381896
0.362512
0.387001
0.389557
0.400831
0.366416
0.380376
0.369931
0.365147
0.391958
0.40461
0.383012
0.397413
0.445174
0.426593
0.429825
0.465369
0.488196
0.473344
0.479384
0.411315
0.388014
0.387273
0.42467
0.438599
0.413754
0.405975
0.400299
0.425834
0.423918
0.420287
0.414571
0.393304
0.38238
0.351359
0.35703
0.3596
0.357855
0.380853
0.393273
0.399938
0.365174
0.380666
0.372189
0.380394
0.402557
0.389577
0.374592
0.391373
0.398313
0.37749
0.353902
0.342716
0.350191
0.345881
0.347791
0.364579
0.363786
0.387407
0.404423
0.396278
0.389911
0.357505
0.357009
0.352332
0.380438
0.389736
0.382678
0.391948
0.374996
0.385517
0.400428
0.462401
0.430137
0.434485
0.427924
0.410139
0.385605
0.377247
0.368084
0.370013
0.39394
0.452027
0.461416
0.463507
0.441193
0.414342
0.487787
0.534914
0.484281
0.509604
0.446134
0.479082
0.504026
0.525354
0.501301
0.468547
0.450783
0.400798
0.371885
0.389496
0.391474
0.394636
0.411458
0.416027
0.377411
0.362875
0.369661
0.375895
0.38585
0.372598
0.41384
0.430942
0.406433
0.374441
0.355084
0.343492
0.354265
0.351771
0.34568
0.348155
0.343312
0.350116
0.367532
0.411093
0.411879
0.416737
0.427491
0.406283
0.382379
0.356479
0.358688
0.350674
0.365397
0.386352
0.393016
0.388434
0.404857
0.413343
0.394298
0.410777
0.396949
0.353936
0.347621
0.350055
0.353453
0.353511
0.342901
0.347429
0.344477
0.358645
0.369986
0.36221
0.355588
0.390121
0.365017
0.376472
0.370977
0.392285
0.408943
0.410304
0.389648
0.361503
0.363729
0.386569
0.409942
0.398126
0.380519
0.369396
0.38514
0.396476
0.392201
0.365084
0.351448
0.354913
0.34371
0.369571
0.373586
0.358397
0.355456
0.370601
0.389037
0.378079
0.366389
0.374465
0.371302
0.355082
0.369647
0.364139
0.374985
0.39828
0.388213
0.386001
0.359093
0.389965
0.367059
0.35544
0.340786
0.345171
0.355462
0.385969
0.39328
0.36447
0.37974
0.375877
0.385656
0.360316
0.355349
0.349857
0.372859
0.402544
0.363008
0.347896
0.355645
0.345149
0.346411
0.34468
0.341151
0.348574
0.361198
0.402484
0.41434
0.390447
0.366188
0.376201
0.375561
0.383875
0.393417
0.383672
0.387549
0.365589
0.371336
0.409439
0.402115
0.418716
0.384677
0.371936
0.360106
0.355337
0.386487
0.379503
0.348779
0.341717
0.360925
0.362183
0.389849
0.367319
0.350471
0.362475
0.398674
0.390527
0.349233
0.357868
0.389245
0.369686
0.359939
0.36535
0.3722
0.353662
0.354995
0.35851
0.37694
0.386921
0.430547
0.432139
0.419098
0.417358
0.390917
0.403205
0.402939
0.420448
0.379184
0.529006
0.513263
0.447741
0.432555
0.398044
0.424993
0.432331
0.402045
0.388233
0.415424
0.432724
0.369966
0.358833
0.409581
0.412654
0.397964
0.43405
0.367801
0.34847
0.350809
0.355729
0.353596
0.354382
0.351041
0.348195
0.34923
0.345674
0.349146
0.346964
0.364004
0.432678
0.403051
0.401118
0.35665
0.409462
0.388141
0.393266
0.408027
0.390076
0.37117
0.384595
0.376909
0.406689
0.367104
0.357637
0.366213
0.38965
0.386471
0.364023
0.350189
0.38064
0.396885
0.400286
0.414419
0.400772
0.378851
0.377905
0.380816
0.395315
0.398697
0.364495
0.37321
0.380291
0.394077
0.389056
0.402235
0.399736
0.388187
0.409448
0.405958
0.407422
0.390058
0.412609
0.405043
0.400107
0.403908
0.409801
0.390482
0.384579
0.363283
0.348331
0.343714
0.362306
0.363219
0.369481
0.360827
0.378037
0.353948
0.362249
0.369704
0.372464
0.388055
0.384718
0.366241
0.366982
0.356366
0.350895
0.363145
0.367311
0.349049
0.341553
0.348116
0.376319
0.368607
0.384675
0.367429
0.381349
0.40602
0.385248
0.383092
0.381842
0.389642
0.355563
0.387199
0.365005
0.350746
0.373137
0.386851
0.381353
0.383376
0.386177
0.398916
0.377994
0.361396
0.364092
0.388679
0.444396
0.456309
0.451484
0.455845
0.40831
0.419061
0.447191
0.471205
0.418669
0.452668
0.438083
0.389937
0.369764
0.39334
0.396657
0.380872
0.414743
0.474126
0.451334
0.416262
0.382138
0.42534
0.420779
0.384792
0.421627
0.410646
0.404872
0.433102
0.373432
0.360394
0.376998
0.358987
0.358906
0.375542
0.386239
0.444705
0.422838
0.442627
0.429671
0.477645
0.448067
0.434538
0.42975
0.477895
0.47481
0.490779
0.480804
0.478027
0.441975
0.404006
0.435924
0.428222
0.442301
0.441432
0.429035
0.420577
0.441171
0.42083
0.370856
0.39203
0.424189
0.401383
0.413685
0.42311
0.442208
0.423772
0.412109
0.413513
0.378608
0.407818
0.398938
0.394019
0.37145
0.393872
0.402516
0.408981
0.410144
0.411139
0.416579
0.460452
0.494527
0.423723
0.511953
0.456734
0.452148
0.468751
0.445358
0.417777
0.429302
0.453521
0.48362
0.462839
0.493074
0.397015
0.409513
0.396504
0.36747
0.35731
0.361043
0.374888
0.403294
0.41467
0.37088
0.356904
0.366087
0.383865
0.380954
0.352703
0.381321
0.349997
0.342847
0.345059
0.344127
0.352371
0.365009
0.384917
0.363856
0.384897
0.394699
0.369735
0.376679
0.361341
0.364471
0.374706
0.375015
0.354857
0.379359
0.376751
0.380518
0.395055
0.384638
0.395126
0.391342
0.4225
0.387366
0.35707
0.352118
0.34407
0.34571
0.353705
0.363507
0.364684
0.365291
0.392482
0.365018
0.350757
0.342796
0.348723
0.377109
0.405153
0.417139
0.41839
0.407809
0.40665
0.415961
0.404365
0.364033
0.38392
0.358518
0.371722
0.376098
0.383669
0.391389
0.352515
0.36648
0.365119
0.362938
0.360613
0.386591
0.370702
0.366876
0.358374
0.367593
0.385795
0.389358
0.378514
0.377005
0.40735
0.379062
0.398832
0.401172
0.408823
0.391327
0.352451
0.355492
0.383263
0.400087
0.383788
0.371919
0.371605
0.39153
0.415069
0.439923
0.429986
0.400053
0.373895
0.377891
0.417322
0.384697
0.423836
0.446263
0.437192
0.431371
0.416633
0.396164
0.407361
0.393574
0.392799
0.44853
0.457452
0.469183
0.450477
0.463898
0.430801
0.552853
0.5602
0.512375
0.428392
0.480375
0.490893
0.444345
0.38347
0.351506
0.354561
0.367637
0.358649
0.36047
0.356529
0.353123
0.371883
0.375114
0.362992
0.361722
0.374145
0.38692
0.412408
0.404456
0.400278
0.411325
0.408768
0.419519
0.406973
0.414629
0.452695
0.393408
0.40787
0.398857
0.392277
0.419089
0.412944
0.386387
0.395486
0.39724
0.393598
0.403249
0.407657
0.484593
0.454105
0.394419
0.445508
0.394605
0.371677
0.424461
0.410962
0.373134
0.362351
0.394401
0.438063
0.469413
0.416913
0.383683
0.366699
0.400637
0.431883
0.408015
0.41806
0.424819
0.447428
0.438907
0.435448
0.403976
0.441767
0.436807
0.44477
0.482432
0.495454
0.484005
0.459872
0.40524
0.379722
0.354158
0.363277
0.360074
0.355849
0.349325
0.345551
0.344202
0.359737
0.376608
0.361233
0.360768
0.381237
0.384894
0.381799
0.365469
0.370613
0.386294
0.390773
0.438314
0.474672
0.475776
0.503116
0.50697
0.430432
0.380119
0.413479
0.425974
0.388478
0.397463
0.35845
0.363298
0.368309
0.387699
0.362919
0.356949
0.354576
0.378602
0.382219
0.355847
0.344583
0.35859
0.367517
0.37097
0.37164
0.360208
0.349988
0.368615
0.427713
0.457435
0.438567
0.406563
0.458298
0.411611
0.397527
0.407446
0.397827
0.369901
0.409311
0.438632
0.452951
0.416542
0.412185
0.41484
0.434163
0.41877
0.467727
0.475073
0.399011
0.385494
0.376037
0.412285
0.452023
0.435147
0.417892
0.460045
0.45765
0.419109
0.418062
0.356772
0.362085
0.364378
0.379173
0.397226
0.408704
0.427461
0.432149
0.48669
0.468497
0.386209
0.408546
0.423508
0.431111
0.434374
0.418492
0.426901
0.381982
0.380338
0.407622
0.376949
0.381536
0.384728
0.445441
0.446821
0.369493
0.406137
0.45124
0.440301
0.402604
0.40501
0.414861
0.430483
0.369313
0.356463
0.382944
0.397539
0.404557
0.401383
0.409759
0.395377
0.391919
0.380808
0.369296
0.409932
0.379183
0.384106
0.366448
0.380116
0.407328
0.397691
0.382086
0.377483
0.406135
0.380622
0.382157
0.400395
0.395739
0.359868
0.350265
0.348896
0.353234
0.379625
0.409372
0.383194
0.345384
0.353184
0.356032
0.391606
0.3739
0.357002
0.35754
0.366293
0.37544
0.371858
0.368302
0.401751
0.410193
0.400487
0.400415
0.428642
0.389884
0.376229
0.433111
0.405496
0.430862
0.367478
0.374309
0.366482
0.370421
0.376143
0.368993
0.358118
0.341893
0.348163
0.340109
0.344678
0.356464
0.381589
0.386232
0.399638
0.384862
0.397171
0.378066
0.400209
0.426504
0.425903
0.419299
0.395482
0.423215
0.395635
0.402072
0.414167
0.388057
0.427707
0.442108
0.428278
0.409078
0.37046
0.392558
0.437556
0.471453
0.470162
0.546775
0.546998
0.576247
0.499479
0.588955
0.566504
0.419378
0.421221
0.39745
0.393044
0.385731
0.399812
0.394923
0.412676
0.383683
0.362885
0.346966
0.356448
0.347243
0.367227
0.386514
0.394733
0.397277
0.385655
0.384127
0.413341
0.384055
0.376782
0.371593
0.370594
0.358557
0.354878
0.375137
0.394638
0.356913
0.352295
0.347488
0.360587
0.416562
0.437684
0.454219
0.447184
0.436398
0.448253
0.394831
0.383628
0.394485
0.352475
0.382189
0.390115
0.415823
0.393902
0.39262
0.387056
0.368107
0.404962
0.390667
0.408871
0.409891
0.4025
0.413405
0.445905
0.442208
0.425704
0.426171
0.43714
0.39401
0.476964
0.436135
0.437087
0.427905
0.426964
0.460511
0.409144
0.391424
0.378455
0.34855
0.356592
0.398705
0.389308
0.397427
0.428993
0.417407
0.422765
0.378747
0.411576
0.429191
0.479103
0.4148
0.394908
0.413723
0.375943
0.389318
0.42536
0.437438
0.448662
0.427244
0.454485
0.438825
0.462223
0.477894
0.518297
0.524093
0.493031
0.504049
0.467289
0.528205
0.546293
0.546076
0.544194
0.59363
0.50524
0.565762
0.466702
0.433765
0.514602
0.456359
0.447492
0.418865
0.429697
0.386931
0.456044
0.421437
0.427526
0.375519
0.366094
0.414213
0.442981
0.449877
0.434141
0.433821
0.392783
0.403385
0.396512
0.387077
0.366197
0.395176
0.402751
0.407535
0.402121
0.400217
0.392959
0.402486
0.39594
0.422632
0.433879
0.406351
0.404075
0.403085
0.405304
0.431591
0.390399
0.391696
0.393846
0.382286
0.455431
0.432364
0.418261
0.443839
0.418811
0.39342
0.364968
0.371427
0.356033
0.345971
0.344246
0.349929
0.363239
0.380967
0.392399
0.380379
0.379487
0.404336
0.389873
0.353519
0.355874
0.360849
0.400932
0.446675
0.477794
0.49392
0.474713
0.401908
0.418492
0.433854
0.405173
0.430205
0.467814
0.489644
0.442072
0.366478
0.358975
0.374184
0.369884
0.414065
0.393835
0.456763
0.409208
0.379185
0.37493
0.391656
0.387861
0.399167
0.418949
0.41576
0.397065
0.415072
0.450627
0.464307
0.395503
0.434405
0.473859
0.467724
0.459808
0.436826
0.395526
0.378152
0.383703
0.372405
0.386641
0.428039
0.398863
0.413583
0.430714
0.427413
0.360849
0.423909
0.435693
0.416393
0.45857
0.416002
0.432739
0.446928
0.461245
0.488129
0.429474
0.436319
0.445269
0.429695
0.444208
0.468661
0.479847
0.538988
0.546049
0.539172
0.54303
0.426863
0.574742
0.554502
0.518474
0.431367
0.383244
0.418547
0.397452
0.436436
0.430845
0.410967
0.432991
0.433714
0.407435
0.400745
0.414975
0.388381
0.448012
0.42371
0.438534
0.400732
0.368399
0.363861
0.356514
0.350833
0.356661
0.375381
0.38041
0.369578
0.377771
0.370363
0.4134
0.40026
0.439332
0.410032
0.422563
0.370938
0.350203
0.358347
0.371064
0.36653
0.370999
0.397267
0.468371
0.480807
0.453289
0.459691
0.397819
0.374637
0.398985
0.368448
0.362828
0.448668
0.385695
0.406712
0.431216
0.508788
0.464813
0.480221
0.525795
0.510197
0.498328
0.504531
0.496731
0.507748
0.499114
0.468904
0.448572
0.425078
0.469275
0.446746
0.427763
0.430414
0.423356
0.374791
0.35719
0.377811
0.39026
0.365632
0.382093
0.408934
0.377371
0.362095
0.364302
0.363544
0.3578
0.393491
0.402573
0.406596
0.393719
0.38554
0.365507
0.353389
0.349079
0.361301
0.379847
0.392091
0.374568
0.366768
0.35703
0.36772
0.376572
0.403368
0.383736
0.393199
0.410336
0.427595
0.430828
0.423778
0.420585
0.452568
0.477348
0.463099
0.492579
0.461984
0.410312
0.416263
0.421772
0.40643
0.44216
0.463996
0.384649
0.416692
0.431281
0.431467
0.43121
0.418172
0.447473
0.47381
0.434316
0.517232
0.428
0.442627
0.488249
0.451628
0.426861
0.458018
0.470376
0.429393
0.413176
0.377521
0.393844
0.424834
0.418292
0.397291
0.374624
0.368327
0.355137
0.365225
0.389518
0.364588
0.37042
0.375512
0.357653
0.384613
0.392628
0.390472
0.389276
0.37298
0.38961
0.421584
0.419685
0.389487
0.400377
0.384346
0.374746
0.370612
0.363058
0.374834
0.393422
0.371374
0.37003
0.386926
0.389418
0.435579
0.455238
0.466397
0.431636
0.472755
0.487057
0.471259
0.391253
0.462834
0.472251
0.417835
0.367761
0.351066
0.356559
0.378695
0.383356
0.410771
0.388314
0.39057
0.393959
0.402589
0.398035
0.378762
0.378435
0.361035
0.348537
0.351986
0.3859
0.386123
0.36051
0.352357
0.378199
0.354221
0.355006
0.368799
0.353095
0.342849
0.349385
0.347804
0.361081
0.379234
0.363995
0.356924
0.388135
0.406535
0.417365
0.413107
0.406278
0.384099
0.404556
0.37278
0.399146
0.402011
0.391298
0.401609
0.424377
0.414351
0.414102
0.435623
0.460422
0.471941
0.459128
0.458402
0.452716
0.477666
0.437161
0.412039
0.464653
0.447809
0.429442
0.453835
0.46777
0.489913
0.469697
0.484875
0.494384
0.412404
0.408798
0.4262
0.444568
0.45333
0.493375
0.545092
0.480955
0.57468
0.397496
0.386092
0.390931
0.431977
0.40009
0.449828
0.469925
0.402149
0.36866
0.348726
0.348985
0.358731
0.37449
0.395126
0.389664
0.379175
0.423452
0.40297
0.39626
0.375181
0.376617
0.385559
0.349269
0.346077
0.346037
0.346061
0.373588
0.367857
0.34591
0.35679
0.364163
0.416132
0.401088
0.405524
0.391384
0.395908
0.417445
0.402632
0.396118
0.394204
0.399471
0.38262
0.406285
0.381828
0.392766
0.426694
0.423695
0.39938
0.40651
0.418429
0.451382
0.425044
0.403837
0.435929
0.444435
0.458989
0.433662
0.468907
0.454931
0.407616
0.381777
0.373684
0.397218
0.357215
0.352779
0.359547
0.373206
0.362381
0.396674
0.409125
0.432288
0.45563
0.426757
0.473733
0.440311
0.458826
0.454876
0.430734
0.415411
0.448621
0.48827
0.4802
0.470987
0.484856
0.511153
0.568628
0.45984
0.494944
0.4026
0.394151
0.423712
0.416397
0.41235
0.43775
0.44268
0.434715
0.419665
0.441903
0.415648
0.408439
0.409823
0.372035
0.37089
0.374928
0.393718
0.409742
0.473466
0.469831
0.417148
0.432749
0.430374
0.396112
0.36819
0.394212
0.380398
0.391074
0.41078
0.415827
0.394036
0.366301
0.397071
0.380736
0.407397
0.408359
0.416432
0.408825
0.406893
0.419407
0.428131
0.449469
0.443748
0.474697
0.421872
0.444773
0.450488
0.446101
0.412567
0.42812
0.456695
0.49944
0.460427
0.399337
0.489508
0.456995
0.424025
0.437564
0.418486
0.437052
0.412936
0.450792
0.47629
0.429597
0.387745
0.415994
0.458493
0.479743
0.446424
0.420932
0.446854
0.395666
0.385498
0.394722
0.383913
0.405192
0.438187
0.426983
0.464454
0.44002
0.455408
0.579196
0.576392
0.536769
0.478828
0.51001
0.435568
0.411961
0.411905
0.458333
0.425469
0.483692
0.468476
0.436183
0.430364
0.465173
0.478127
0.433733
0.431259
0.467156
0.443211
0.433217
0.445203
0.444527
0.43989
0.432351
0.412275
0.460214
0.486395
0.488435
0.514157
0.47157
0.50636
0.42792
0.41988
0.387794
0.393956
0.410546
0.421872
0.440611
0.473068
0.443068
0.394207
0.406564
0.421423
0.427054
0.446407
0.483041
0.472684
0.384552
0.367718
0.358924
0.369923
0.362258
0.368558
0.406108
0.464173
0.503809
0.471462
0.442617
0.462134
0.437629
0.412569
0.409422
0.460634
0.398911
0.379344
0.424011
0.431566
0.415651
0.436676
0.454387
0.418967
0.473576
0.518583
0.506542
0.487635
0.547181
0.546227
0.44044
0.506883
0.510976
0.469585
0.47477
0.496203
0.456735
0.483243
0.505735
0.459437
0.449331
0.428909
0.412828
0.409309
0.407324
0.417456
0.443919
0.394005
0.513369
0.468866
0.457296
0.446935
0.445375
0.410983
0.4088
0.403278
0.457213
0.478973
0.419845
0.442859
0.443957
0.436765
0.431561
0.483465
0.438272
0.45509
0.455183
0.455235
0.489251
0.490903
0.425162
0.501646
0.482613
0.512289
0.46167
0.445989
0.41899
0.364801
0.398149
0.410043
0.378126
0.398987
0.40878
0.406589
0.426342
0.425753
0.414599
0.442064
0.432473
0.428612
0.394712
0.396325
0.395495
0.39797
0.415046
0.42883
0.415373
0.39678
0.399756
0.380476
0.366943
0.346439
0.351224
0.379559
0.39845
0.355132
0.366908
0.405711
0.413257
0.442478
0.370513
0.367245
0.356994
0.37023
0.369964
0.360475
0.393188
0.430207
0.438991
0.442051
0.461224
0.43494
0.424728
0.397356
0.3764
0.372388
0.375891
0.382738
0.382949
0.39692
0.429891
0.433883
0.404332
0.363448
0.397557
0.419683
0.384555
0.350999
0.347442
0.346612
0.351511
0.354093
0.385238
0.364729
0.358986
0.365818
0.422755
0.413596
0.432941
0.423848
0.408865
0.395713
0.584298
0.579918
0.536233
0.556294
0.539216
0.513018
0.484516
0.524877
0.450556
0.51425
0.512938
0.457963
0.502038
0.509468
0.476353
0.500175
0.522324
0.547493
0.498158
0.406782
0.41036
0.413444
0.404637
0.390797
0.47603
0.461215
0.446128
0.458011
0.463046
0.443758
0.428128
0.383987
0.370333
0.386279
0.39421
0.398367
0.38675
0.393352
0.384043
0.375518
0.398249
0.402326
0.448423
0.424866
0.431766
0.414983
0.408083
0.442444
0.440772
0.44521
0.390409
0.400637
0.436858
0.48553
0.479769
0.446358
0.457663
0.48704
0.466179
0.458443
0.411708
0.427806
0.431609
0.42155
0.460317
0.455822
0.454546
0.459931
0.468104
0.46995
0.477707
0.475845
0.457979
0.405953
0.426223
0.383217
0.396562
0.473045
0.480298
0.464404
0.443601
0.451381
0.555082
0.566223
0.406592
0.412661
0.395311
0.471605
0.488247
0.515384
0.514305
0.489526
0.518095
0.460304
0.501727
0.483774
0.449706
0.458853
0.455699
0.434083
0.469414
0.48837
0.456211
0.443824
0.427205
0.442809
0.460758
0.513032
0.525519
0.505473
0.454659
0.472913
0.499667
0.509823
0.494655
0.501455
0.518949
0.484224
0.486553
0.502377
0.547301
0.503481
0.506276
0.488162
0.46982
0.481603
0.440085
0.41035
0.374361
0.38732
0.404996
0.389353
0.424074
0.427305
0.391149
0.39492
0.411584
0.38332
0.394648
0.411963
0.417224
0.422602
0.429654
0.384787
0.384821
0.376984
0.418599
0.408123
0.370696
0.360187
0.364859
0.363921
0.373394
0.395799
0.358248
0.360167
0.358804
0.368491
0.359941
0.388757
0.390028
0.430307
0.470775
0.420796
0.38819
0.384114
0.410793
0.392381
0.40573
0.439943
0.474396
0.491382
0.410084
0.398956
0.41271
0.442882
0.423941
0.397145
0.393542
0.393607
0.406197
0.391073
0.391126
0.39216
0.404069
0.378561
0.385347
0.458501
0.414305
0.432279
0.459265
0.408369
0.394117
0.396059
0.388286
0.389331
0.386149
0.366603
0.372224
0.366409
0.360311
0.361593
0.362949
0.370134
0.35918
0.359946
0.356071
0.359152
0.362572
0.360266
0.363757
0.357714
0.363977
0.373411
0.374101
0.360041
0.377997
0.417846
0.400085
0.400658
0.40695
0.399888
0.371854
0.380036
0.417916
0.375692
0.401522
0.394947
0.387797
0.385847
0.366621
0.373337
0.394046
0.372888
0.39316
0.439975
0.43065
0.406336
0.36525
0.375535
0.401987
0.370055
0.361517
0.358372
0.355204
0.386976
0.443941
0.390847
0.390033
0.413952
0.404404
0.424445
0.416489
0.413519
0.396836
0.382797
0.39077
0.401595
0.392417
0.382893
0.37249
0.362449
0.371753
0.379524
0.369994
0.388545
0.419006
0.437009
0.413803
0.3758
0.446642
0.56972
0.488931
0.391241
0.411177
0.407419
0.405255
0.411253
0.389494
0.389844
0.37815
0.388518
0.386803
0.393072
0.390873
0.400211
0.37694
0.389028
0.400506
