CHR	END	MAPPABLE	COUNT
chr1	800000	0	0.074987
chr1	1908302	1	1.0
chr1	3018794	1	1.0
chr1	3800000	1	0.770627
chr1	4000000	0	0.048697
chr1	5018108	1	1.0
chr1	6035094	1	1.0
chr1	7051496	1	1.0
chr1	8070966	1	1.0
chr1	9089298	1	1.0
chr1	10105986	1	1.0
chr1	11118524	1	1.0
chr1	12138747	1	1.0
chr1	13000000	1	0.761319
chr1	13800000	0	0.062181
chr1	14821282	1	1.0
chr1	15832476	1	1.0
chr1	17000000	1	1.056193
chr1	17200000	0	0.064175
chr1	18224197	1	1.0
chr1	19230331	1	1.0
chr1	20240736	1	1.0
chr1	21256631	1	1.0
chr1	22294963	1	1.0
chr1	23318807	1	1.0
chr1	24342929	1	1.0
chr1	25358473	1	1.0
chr1	26448507	1	1.0
chr1	27473091	1	1.0
chr1	28495039	1	1.0
chr1	29800000	1	1.277977
chr1	30000000	0	0.077467
chr1	31053911	1	1.0
chr1	32067804	1	1.0
chr1	33083470	1	1.0
chr1	34104481	1	1.0
chr1	35139660	1	1.0
chr1	36160064	1	1.0
chr1	37173656	1	1.0
chr1	38189160	1	1.0
chr1	39207645	1	1.0
chr1	40252160	1	1.0
chr1	41279491	1	1.0
chr1	42297859	1	1.0
chr1	43323895	1	1.0
chr1	44343405	1	1.0
chr1	45354379	1	1.0
chr1	46395129	1	1.0
chr1	47464511	1	1.0
chr1	48519629	1	1.0
chr1	49563558	1	1.0
chr1	50617406	1	1.0
chr1	51638632	1	1.0
chr1	52665225	1	1.0
chr1	53682707	1	1.0
chr1	54693851	1	1.0
chr1	55717185	1	1.0
chr1	56740322	1	1.0
chr1	57754809	1	1.0
chr1	58781173	1	1.0
chr1	59809816	1	1.0
chr1	60854537	1	1.0
chr1	61882437	1	1.0
chr1	62900906	1	1.0
chr1	63922996	1	1.0
chr1	64949711	1	1.0
chr1	65969134	1	1.0
chr1	67017382	1	1.0
chr1	68047510	1	1.0
chr1	69062237	1	1.0
chr1	70107864	1	1.0
chr1	71143056	1	1.0
chr1	72172122	1	1.0
chr1	73186907	1	1.0
chr1	74215162	1	1.0
chr1	75240035	1	1.0
chr1	76299855	1	1.0
chr1	77318332	1	1.0
chr1	78349332	1	1.0
chr1	79384000	1	1.0
chr1	80416201	1	1.0
chr1	81454691	1	1.0
chr1	82466138	1	1.0
chr1	83600000	1	1.10886
chr1	83800000	0	0.083589
chr1	84910215	1	1.0
chr1	85921806	1	1.0
chr1	86975192	1	1.0
chr1	88008703	1	1.0
chr1	89021426	1	1.0
chr1	90063222	1	1.0
chr1	91098198	1	1.0
chr1	92140776	1	1.0
chr1	93173541	1	1.0
chr1	94201754	1	1.0
chr1	95239014	1	1.0
chr1	96255695	1	1.0
chr1	97293500	1	1.0
chr1	98320571	1	1.0
chr1	99341228	1	1.0
chr1	100373766	1	1.0
chr1	101400900	1	1.0
chr1	102416432	1	1.0
chr1	103800000	1	1.31811
chr1	104000000	0	0.008415
chr1	105186689	1	1.0
chr1	106230409	1	1.0
chr1	107257350	1	1.0
chr1	108800000	1	1.478074
chr1	109000000	0	0.058793
chr1	110043327	1	1.0
chr1	111074032	1	1.0
chr1	112102338	1	1.0
chr1	113133084	1	1.0
chr1	114182661	1	1.0
chr1	115200756	1	1.0
chr1	116230284	1	1.0
chr1	117271575	1	1.0
chr1	118301371	1	1.0
chr1	119344789	1	1.0
chr1	120600000	1	1.151104
chr1	146400000	0	1.296544
chr1	147400000	1	0.860678
chr1	149800000	0	0.510814
chr1	150865651	1	1.0
chr1	151884026	1	1.0
chr1	152947650	1	1.0
chr1	153982371	1	1.0
chr1	155004329	1	1.0
chr1	156061001	1	1.0
chr1	157076056	1	1.0
chr1	158107101	1	1.0
chr1	159162565	1	1.0
chr1	160207207	1	1.0
chr1	161239986	1	1.0
chr1	162388216	1	1.0
chr1	163430957	1	1.0
chr1	164473535	1	1.0
chr1	165487837	1	1.0
chr1	166538026	1	1.0
chr1	167552988	1	1.0
chr1	168579409	1	1.0
chr1	169608866	1	1.0
chr1	170646859	1	1.0
chr1	171678475	1	1.0
chr1	172710272	1	1.0
chr1	173754941	1	1.0
chr1	174811790	1	1.0
chr1	175832909	1	1.0
chr1	176870110	1	1.0
chr1	177904877	1	1.0
chr1	178931021	1	1.0
chr1	179962316	1	1.0
chr1	180992969	1	1.0
chr1	182014005	1	1.0
chr1	183027969	1	1.0
chr1	184047735	1	1.0
chr1	185078017	1	1.0
chr1	186116474	1	1.0
chr1	187146491	1	1.0
chr1	188183066	1	1.0
chr1	189206366	1	1.0
chr1	190230526	1	1.0
chr1	191250142	1	1.0
chr1	192266807	1	1.0
chr1	193292650	1	1.0
chr1	194326096	1	1.0
chr1	195343026	1	1.0
chr1	196372702	1	1.0
chr1	197450761	1	1.0
chr1	198488778	1	1.0
chr1	199499695	1	1.0
chr1	200523887	1	1.0
chr1	201540479	1	1.0
chr1	202602220	1	1.0
chr1	203621623	1	1.0
chr1	204634519	1	1.0
chr1	206000000	1	1.269485
chr1	206600000	0	0.192544
chr1	207612357	1	1.0
chr1	208680582	1	1.0
chr1	209702350	1	1.0
chr1	210722416	1	1.0
chr1	211762765	1	1.0
chr1	212782729	1	1.0
chr1	213820062	1	1.0
chr1	214827985	1	1.0
chr1	215850486	1	1.0
chr1	216872695	1	1.0
chr1	217888194	1	1.0
chr1	218907518	1	1.0
chr1	219938846	1	1.0
chr1	220971596	1	1.0
chr1	221985505	1	1.0
chr1	223053185	1	1.0
chr1	224272623	1	1.0
chr1	225299905	1	1.0
chr1	226329491	1	1.0
chr1	227347083	1	1.0
chr1	228392402	1	1.0
chr1	229453138	1	1.0
chr1	230466422	1	1.0
chr1	231481569	1	1.0
chr1	232512336	1	1.0
chr1	233522602	1	1.0
chr1	234542101	1	1.0
chr1	235635776	1	1.0
chr1	236650450	1	1.0
chr1	237676079	1	1.0
chr1	238694087	1	1.0
chr1	239705456	1	1.0
chr1	240724709	1	1.0
chr1	241740317	1	1.0
chr1	242813845	1	1.0
chr1	244016917	1	1.0
chr1	245036142	1	1.0
chr1	246056101	1	1.0
chr1	247098147	1	1.0
chr1	248800000	1	1.496658
chr1	249250621	0	0.248354
chr2	1042851	1	1.0
chr2	2093400	1	1.0
chr2	3115921	1	1.0
chr2	4196801	1	1.0
chr2	5327480	1	1.0
chr2	6353723	1	1.0
chr2	7363267	1	1.0
chr2	8380056	1	1.0
chr2	9395202	1	1.0
chr2	10410561	1	1.0
chr2	11428397	1	1.0
chr2	12445769	1	1.0
chr2	13469150	1	1.0
chr2	14511497	1	1.0
chr2	15540512	1	1.0
chr2	16611497	1	1.0
chr2	17634197	1	1.0
chr2	18660221	1	1.0
chr2	19727911	1	1.0
chr2	20741311	1	1.0
chr2	21796099	1	1.0
chr2	22815398	1	1.0
chr2	23836838	1	1.0
chr2	24862247	1	1.0
chr2	25878754	1	1.0
chr2	26893299	1	1.0
chr2	27911254	1	1.0
chr2	28923400	1	1.0
chr2	29936874	1	1.0
chr2	30952953	1	1.0
chr2	31990212	1	1.0
chr2	33015457	1	1.0
chr2	34042059	1	1.0
chr2	35073879	1	1.0
chr2	36110312	1	1.0
chr2	37144438	1	1.0
chr2	38168075	1	1.0
chr2	39194169	1	1.0
chr2	40209556	1	1.0
chr2	41237157	1	1.0
chr2	42262617	1	1.0
chr2	43279548	1	1.0
chr2	44302364	1	1.0
chr2	45330181	1	1.0
chr2	46335656	1	1.0
chr2	47351032	1	1.0
chr2	48369443	1	1.0
chr2	49397584	1	1.0
chr2	50421657	1	1.0
chr2	51427628	1	1.0
chr2	52462004	1	1.0
chr2	53482756	1	1.0
chr2	54505316	1	1.0
chr2	55512833	1	1.0
chr2	56557338	1	1.0
chr2	57605141	1	1.0
chr2	58650955	1	1.0
chr2	59669396	1	1.0
chr2	60706891	1	1.0
chr2	61718462	1	1.0
chr2	62730144	1	1.0
chr2	63777271	1	1.0
chr2	64800346	1	1.0
chr2	65813396	1	1.0
chr2	66864246	1	1.0
chr2	67895631	1	1.0
chr2	68926525	1	1.0
chr2	69936430	1	1.0
chr2	70955285	1	1.0
chr2	71996889	1	1.0
chr2	73034303	1	1.0
chr2	74102369	1	1.0
chr2	75115513	1	1.0
chr2	76138442	1	1.0
chr2	77196561	1	1.0
chr2	78252137	1	1.0
chr2	79274740	1	1.0
chr2	80303461	1	1.0
chr2	81320832	1	1.0
chr2	82343581	1	1.0
chr2	83361206	1	1.0
chr2	84392501	1	1.0
chr2	85421906	1	1.0
chr2	86440395	1	1.0
chr2	87200000	1	0.618395
chr2	88200000	0	0.16102
chr2	89400000	1	1.016307
chr2	95400000	0	0.60166
chr2	96817564	1	1.0
chr2	97800000	1	0.894831
chr2	98200000	0	0.090993
chr2	99257460	1	1.0
chr2	100287018	1	1.0
chr2	101321381	1	1.0
chr2	102338963	1	1.0
chr2	103357226	1	1.0
chr2	104379113	1	1.0
chr2	105387540	1	1.0
chr2	106405634	1	1.0
chr2	107541504	1	1.0
chr2	108636687	1	1.0
chr2	109723363	1	1.0
chr2	110600000	1	0.620471
chr2	111400000	0	0.15997
chr2	112000000	1	0.590279
chr2	112400000	0	0.121163
chr2	113620847	1	1.0
chr2	114200000	1	0.528774
chr2	114400000	0	0.044563
chr2	115447162	1	1.0
chr2	116473230	1	1.0
chr2	117504391	1	1.0
chr2	118560583	1	1.0
chr2	119595645	1	1.0
chr2	120621564	1	1.0
chr2	121638846	1	1.0
chr2	122652236	1	1.0
chr2	123683582	1	1.0
chr2	124708250	1	1.0
chr2	125740497	1	1.0
chr2	126764656	1	1.0
chr2	127789010	1	1.0
chr2	128803421	1	1.0
chr2	129834936	1	1.0
chr2	131200000	1	1.154543
chr2	131400000	0	0.019767
chr2	132838779	1	1.0
chr2	133940862	1	1.0
chr2	134984348	1	1.0
chr2	136019438	1	1.0
chr2	137048525	1	1.0
chr2	138078957	1	1.0
chr2	139110907	1	1.0
chr2	140129599	1	1.0
chr2	141149704	1	1.0
chr2	142163239	1	1.0
chr2	143173071	1	1.0
chr2	144202216	1	1.0
chr2	145227832	1	1.0
chr2	146241554	1	1.0
chr2	147259619	1	1.0
chr2	148275712	1	1.0
chr2	149323696	1	1.0
chr2	150448945	1	1.0
chr2	151483757	1	1.0
chr2	152521993	1	1.0
chr2	153542987	1	1.0
chr2	154587725	1	1.0
chr2	155604515	1	1.0
chr2	156636250	1	1.0
chr2	157671604	1	1.0
chr2	158714296	1	1.0
chr2	159761425	1	1.0
chr2	160781450	1	1.0
chr2	161826103	1	1.0
chr2	162864023	1	1.0
chr2	163878766	1	1.0
chr2	164888937	1	1.0
chr2	165914018	1	1.0
chr2	166940062	1	1.0
chr2	167988098	1	1.0
chr2	169018830	1	1.0
chr2	170034926	1	1.0
chr2	171078919	1	1.0
chr2	172094627	1	1.0
chr2	173122191	1	1.0
chr2	174145102	1	1.0
chr2	175172485	1	1.0
chr2	176190757	1	1.0
chr2	177235713	1	1.0
chr2	178251610	1	1.0
chr2	179282754	1	1.0
chr2	180331646	1	1.0
chr2	181348009	1	1.0
chr2	182377168	1	1.0
chr2	183408388	1	1.0
chr2	184442514	1	1.0
chr2	185479944	1	1.0
chr2	186506467	1	1.0
chr2	187549415	1	1.0
chr2	188572738	1	1.0
chr2	189592500	1	1.0
chr2	190616017	1	1.0
chr2	191641044	1	1.0
chr2	192663706	1	1.0
chr2	193686132	1	1.0
chr2	194729724	1	1.0
chr2	195765493	1	1.0
chr2	196814884	1	1.0
chr2	197843231	1	1.0
chr2	198889591	1	1.0
chr2	199909587	1	1.0
chr2	200927484	1	1.0
chr2	201955138	1	1.0
chr2	202986443	1	1.0
chr2	204011611	1	1.0
chr2	205027871	1	1.0
chr2	206050307	1	1.0
chr2	207063877	1	1.0
chr2	208100652	1	1.0
chr2	209118272	1	1.0
chr2	210191678	1	1.0
chr2	211209283	1	1.0
chr2	212242229	1	1.0
chr2	213260714	1	1.0
chr2	214286098	1	1.0
chr2	215311602	1	1.0
chr2	216344026	1	1.0
chr2	217365836	1	1.0
chr2	218373150	1	1.0
chr2	219391303	1	1.0
chr2	220403910	1	1.0
chr2	221423980	1	1.0
chr2	222433223	1	1.0
chr2	223456601	1	1.0
chr2	224480036	1	1.0
chr2	225494778	1	1.0
chr2	226515369	1	1.0
chr2	227532651	1	1.0
chr2	228551003	1	1.0
chr2	229595563	1	1.0
chr2	230617753	1	1.0
chr2	231645532	1	1.0
chr2	232661519	1	1.0
chr2	233716795	1	1.0
chr2	234794837	1	1.0
chr2	235820793	1	1.0
chr2	236829432	1	1.0
chr2	237847372	1	1.0
chr2	238864665	1	1.0
chr2	239910094	1	1.0
chr2	240950005	1	1.0
chr2	241992622	1	1.0
chr2	243000000	1	0.975336
chr2	243199373	0	0.048888
chr3	1109214	1	1.0
chr3	2142426	1	1.0
chr3	3161391	1	1.0
chr3	4202228	1	1.0
chr3	5231914	1	1.0
chr3	6262310	1	1.0
chr3	7304715	1	1.0
chr3	8321701	1	1.0
chr3	9353746	1	1.0
chr3	10380984	1	1.0
chr3	11393224	1	1.0
chr3	12423234	1	1.0
chr3	13437292	1	1.0
chr3	14463302	1	1.0
chr3	15496766	1	1.0
chr3	16516092	1	1.0
chr3	17545212	1	1.0
chr3	18576816	1	1.0
chr3	19624346	1	1.0
chr3	20665818	1	1.0
chr3	21697265	1	1.0
chr3	22734422	1	1.0
chr3	23777988	1	1.0
chr3	24808253	1	1.0
chr3	25821908	1	1.0
chr3	26875247	1	1.0
chr3	27908239	1	1.0
chr3	28938272	1	1.0
chr3	29958946	1	1.0
chr3	30985605	1	1.0
chr3	31991372	1	1.0
chr3	33016355	1	1.0
chr3	34043149	1	1.0
chr3	35082539	1	1.0
chr3	36118214	1	1.0
chr3	37146724	1	1.0
chr3	38173619	1	1.0
chr3	39200843	1	1.0
chr3	40258160	1	1.0
chr3	41286470	1	1.0
chr3	42339480	1	1.0
chr3	43358449	1	1.0
chr3	44392107	1	1.0
chr3	45411638	1	1.0
chr3	46430098	1	1.0
chr3	47457415	1	1.0
chr3	48479702	1	1.0
chr3	49503170	1	1.0
chr3	50523151	1	1.0
chr3	51576852	1	1.0
chr3	52594593	1	1.0
chr3	53616704	1	1.0
chr3	54642913	1	1.0
chr3	55675450	1	1.0
chr3	56696397	1	1.0
chr3	57726474	1	1.0
chr3	58742777	1	1.0
chr3	59800132	1	1.0
chr3	60813106	1	1.0
chr3	61846692	1	1.0
chr3	62855516	1	1.0
chr3	63898881	1	1.0
chr3	64909414	1	1.0
chr3	65935466	1	1.0
chr3	67053055	1	1.0
chr3	68081982	1	1.0
chr3	69105422	1	1.0
chr3	70130518	1	1.0
chr3	71160398	1	1.0
chr3	72168818	1	1.0
chr3	73180386	1	1.0
chr3	74199770	1	1.0
chr3	75243935	1	1.0
chr3	76383439	1	1.0
chr3	77405886	1	1.0
chr3	78424194	1	1.0
chr3	79457764	1	1.0
chr3	80474318	1	1.0
chr3	81504723	1	1.0
chr3	82542147	1	1.0
chr3	83560609	1	1.0
chr3	84581571	1	1.0
chr3	85608266	1	1.0
chr3	86631351	1	1.0
chr3	87653068	1	1.0
chr3	88685230	1	1.0
chr3	89722162	1	1.0
chr3	90600000	1	0.703592
chr3	93600000	0	0.079741
chr3	94636308	1	1.0
chr3	95672296	1	1.0
chr3	96697775	1	1.0
chr3	97729942	1	1.0
chr3	98770679	1	1.0
chr3	99808858	1	1.0
chr3	100844735	1	1.0
chr3	101889513	1	1.0
chr3	102909968	1	1.0
chr3	103941939	1	1.0
chr3	104952473	1	1.0
chr3	105975937	1	1.0
chr3	107005777	1	1.0
chr3	108034184	1	1.0
chr3	109066498	1	1.0
chr3	110108488	1	1.0
chr3	111140583	1	1.0
chr3	112181621	1	1.0
chr3	113224065	1	1.0
chr3	114239305	1	1.0
chr3	115258802	1	1.0
chr3	116294331	1	1.0
chr3	117313028	1	1.0
chr3	118330186	1	1.0
chr3	119372283	1	1.0
chr3	120399309	1	1.0
chr3	121464579	1	1.0
chr3	122508116	1	1.0
chr3	123517855	1	1.0
chr3	124547793	1	1.0
chr3	125632431	1	1.0
chr3	126684728	1	1.0
chr3	127695369	1	1.0
chr3	128715287	1	1.0
chr3	129755152	1	1.0
chr3	130857265	1	1.0
chr3	131900533	1	1.0
chr3	132959033	1	1.0
chr3	133991006	1	1.0
chr3	135018320	1	1.0
chr3	136065053	1	1.0
chr3	137116911	1	1.0
chr3	138160806	1	1.0
chr3	139197918	1	1.0
chr3	140223220	1	1.0
chr3	141250636	1	1.0
chr3	142283759	1	1.0
chr3	143300937	1	1.0
chr3	144320112	1	1.0
chr3	145347832	1	1.0
chr3	146382460	1	1.0
chr3	147407770	1	1.0
chr3	148441605	1	1.0
chr3	149456999	1	1.0
chr3	150476124	1	1.0
chr3	151503902	1	1.0
chr3	152521764	1	1.0
chr3	153562808	1	1.0
chr3	154597950	1	1.0
chr3	155640569	1	1.0
chr3	156666378	1	1.0
chr3	157699937	1	1.0
chr3	158748699	1	1.0
chr3	159795680	1	1.0
chr3	160821823	1	1.0
chr3	161839948	1	1.0
chr3	162872560	1	1.0
chr3	163912752	1	1.0
chr3	164936089	1	1.0
chr3	165978475	1	1.0
chr3	167011676	1	1.0
chr3	168033095	1	1.0
chr3	169053466	1	1.0
chr3	170076262	1	1.0
chr3	171113991	1	1.0
chr3	172135665	1	1.0
chr3	173151773	1	1.0
chr3	174169486	1	1.0
chr3	175200918	1	1.0
chr3	176233717	1	1.0
chr3	177263229	1	1.0
chr3	178279341	1	1.0
chr3	179324218	1	1.0
chr3	180356367	1	1.0
chr3	181378735	1	1.0
chr3	182394980	1	1.0
chr3	183417643	1	1.0
chr3	184432181	1	1.0
chr3	185457704	1	1.0
chr3	186472995	1	1.0
chr3	187506925	1	1.0
chr3	188531719	1	1.0
chr3	189554794	1	1.0
chr3	190569214	1	1.0
chr3	191597217	1	1.0
chr3	192619689	1	1.0
chr3	193644428	1	1.0
chr3	194661707	1	1.0
chr3	195814229	1	1.0
chr3	196843187	1	1.0
chr3	197800000	1	0.893697
chr3	198022430	0	0.058333
chr4	1063605	1	1.0
chr4	2144684	1	1.0
chr4	3160731	1	1.0
chr4	4303931	1	1.0
chr4	5326132	1	1.0
chr4	6364390	1	1.0
chr4	7380055	1	1.0
chr4	8389979	1	1.0
chr4	9200000	1	0.675529
chr4	9400000	0	0.030291
chr4	10514164	1	1.0
chr4	11567112	1	1.0
chr4	12606917	1	1.0
chr4	13631179	1	1.0
chr4	14674350	1	1.0
chr4	15704585	1	1.0
chr4	16734534	1	1.0
chr4	17758269	1	1.0
chr4	18787545	1	1.0
chr4	19813506	1	1.0
chr4	20838278	1	1.0
chr4	21868811	1	1.0
chr4	22901630	1	1.0
chr4	23923639	1	1.0
chr4	24935775	1	1.0
chr4	25950270	1	1.0
chr4	26981471	1	1.0
chr4	28004246	1	1.0
chr4	29016312	1	1.0
chr4	30031362	1	1.0
chr4	31040788	1	1.0
chr4	32065954	1	1.0
chr4	33086266	1	1.0
chr4	34099104	1	1.0
chr4	35112070	1	1.0
chr4	36130345	1	1.0
chr4	37152081	1	1.0
chr4	38173806	1	1.0
chr4	39196177	1	1.0
chr4	40219576	1	1.0
chr4	41235382	1	1.0
chr4	42254795	1	1.0
chr4	43278400	1	1.0
chr4	44317135	1	1.0
chr4	45341200	1	1.0
chr4	46370062	1	1.0
chr4	47402767	1	1.0
chr4	48428977	1	1.0
chr4	49200000	1	0.682871
chr4	52600000	0	0.104668
chr4	53745649	1	1.0
chr4	54819941	1	1.0
chr4	55849032	1	1.0
chr4	56886406	1	1.0
chr4	57914478	1	1.0
chr4	58972423	1	1.0
chr4	60057861	1	1.0
chr4	61095058	1	1.0
chr4	62129770	1	1.0
chr4	63163773	1	1.0
chr4	64208373	1	1.0
chr4	65238273	1	1.0
chr4	66286097	1	1.0
chr4	67317919	1	1.0
chr4	68359114	1	1.0
chr4	69399890	1	1.0
chr4	70502731	1	1.0
chr4	71549431	1	1.0
chr4	72591449	1	1.0
chr4	73642215	1	1.0
chr4	74672497	1	1.0
chr4	75802904	1	1.0
chr4	76855330	1	1.0
chr4	77873675	1	1.0
chr4	78906487	1	1.0
chr4	79955233	1	1.0
chr4	80996952	1	1.0
chr4	82023904	1	1.0
chr4	83060398	1	1.0
chr4	84085038	1	1.0
chr4	85121104	1	1.0
chr4	86151179	1	1.0
chr4	87197719	1	1.0
chr4	88227303	1	1.0
chr4	89268710	1	1.0
chr4	90294019	1	1.0
chr4	91323555	1	1.0
chr4	92369974	1	1.0
chr4	93418766	1	1.0
chr4	94437048	1	1.0
chr4	95495461	1	1.0
chr4	96525905	1	1.0
chr4	97559628	1	1.0
chr4	98599734	1	1.0
chr4	99650149	1	1.0
chr4	100684498	1	1.0
chr4	101716167	1	1.0
chr4	102741146	1	1.0
chr4	103776413	1	1.0
chr4	104857176	1	1.0
chr4	105898979	1	1.0
chr4	106934653	1	1.0
chr4	107988253	1	1.0
chr4	109016179	1	1.0
chr4	110037163	1	1.0
chr4	111068481	1	1.0
chr4	112117426	1	1.0
chr4	113168402	1	1.0
chr4	114193218	1	1.0
chr4	115223492	1	1.0
chr4	116239526	1	1.0
chr4	117261570	1	1.0
chr4	118290927	1	1.0
chr4	119400000	1	1.03579
chr4	119600000	0	0.08687
chr4	120706021	1	1.0
chr4	121749102	1	1.0
chr4	122766562	1	1.0
chr4	123801615	1	1.0
chr4	124835036	1	1.0
chr4	125866618	1	1.0
chr4	126885931	1	1.0
chr4	127917745	1	1.0
chr4	128974883	1	1.0
chr4	130009520	1	1.0
chr4	131049205	1	1.0
chr4	132067490	1	1.0
chr4	133239045	1	1.0
chr4	134266180	1	1.0
chr4	135289626	1	1.0
chr4	136326099	1	1.0
chr4	137349394	1	1.0
chr4	138354428	1	1.0
chr4	139378881	1	1.0
chr4	140411458	1	1.0
chr4	141434377	1	1.0
chr4	142479651	1	1.0
chr4	143507138	1	1.0
chr4	144548113	1	1.0
chr4	145708948	1	1.0
chr4	146753655	1	1.0
chr4	147797974	1	1.0
chr4	148824451	1	1.0
chr4	149850606	1	1.0
chr4	150894789	1	1.0
chr4	151914107	1	1.0
chr4	152937259	1	1.0
chr4	153953422	1	1.0
chr4	154968168	1	1.0
chr4	155991865	1	1.0
chr4	157007327	1	1.0
chr4	158029592	1	1.0
chr4	159066996	1	1.0
chr4	160107042	1	1.0
chr4	161148268	1	1.0
chr4	162181898	1	1.0
chr4	163200118	1	1.0
chr4	164224982	1	1.0
chr4	165271462	1	1.0
chr4	166347476	1	1.0
chr4	167366496	1	1.0
chr4	168428908	1	1.0
chr4	169455563	1	1.0
chr4	170480150	1	1.0
chr4	171529789	1	1.0
chr4	172549645	1	1.0
chr4	173567868	1	1.0
chr4	174587208	1	1.0
chr4	175606860	1	1.0
chr4	176638462	1	1.0
chr4	177655464	1	1.0
chr4	178668036	1	1.0
chr4	179693937	1	1.0
chr4	180720980	1	1.0
chr4	181733731	1	1.0
chr4	182760177	1	1.0
chr4	183784846	1	1.0
chr4	184810096	1	1.0
chr4	185829170	1	1.0
chr4	186844037	1	1.0
chr4	187878284	1	1.0
chr4	188919191	1	1.0
chr4	189951441	1	1.0
chr4	191000000	1	0.946489
chr4	191154276	0	0.01014
chr5	1166625	1	1.0
chr5	2213767	1	1.0
chr5	3221083	1	1.0
chr5	4239018	1	1.0
chr5	5262548	1	1.0
chr5	6272070	1	1.0
chr5	7325359	1	1.0
chr5	8349206	1	1.0
chr5	9375855	1	1.0
chr5	10396975	1	1.0
chr5	11408085	1	1.0
chr5	12418884	1	1.0
chr5	13443115	1	1.0
chr5	14453608	1	1.0
chr5	15480631	1	1.0
chr5	16505819	1	1.0
chr5	17613534	1	1.0
chr5	18646411	1	1.0
chr5	19669789	1	1.0
chr5	20688147	1	1.0
chr5	21980207	1	1.0
chr5	23061660	1	1.0
chr5	24075347	1	1.0
chr5	25096568	1	1.0
chr5	26126459	1	1.0
chr5	27144700	1	1.0
chr5	28163139	1	1.0
chr5	29204457	1	1.0
chr5	30231467	1	1.0
chr5	31263509	1	1.0
chr5	32277225	1	1.0
chr5	33316580	1	1.0
chr5	34200000	1	0.780642
chr5	34400000	0	0.084973
chr5	35435215	1	1.0
chr5	36465782	1	1.0
chr5	37504284	1	1.0
chr5	38529903	1	1.0
chr5	39555043	1	1.0
chr5	40586273	1	1.0
chr5	41630833	1	1.0
chr5	42669255	1	1.0
chr5	43731383	1	1.0
chr5	44783500	1	1.0
chr5	45829042	1	1.0
chr5	46400000	1	0.536037
chr5	49400000	0	0.005541
chr5	50519837	1	1.0
chr5	51570960	1	1.0
chr5	52611639	1	1.0
chr5	53641340	1	1.0
chr5	54671355	1	1.0
chr5	55702218	1	1.0
chr5	56722987	1	1.0
chr5	57767027	1	1.0
chr5	58799945	1	1.0
chr5	59828001	1	1.0
chr5	60870996	1	1.0
chr5	61902281	1	1.0
chr5	62962187	1	1.0
chr5	64013315	1	1.0
chr5	65040327	1	1.0
chr5	66077744	1	1.0
chr5	67117086	1	1.0
chr5	68148813	1	1.0
chr5	68800000	1	0.636628
chr5	70600000	0	0.101414
chr5	71722368	1	1.0
chr5	72744875	1	1.0
chr5	73760279	1	1.0
chr5	74793008	1	1.0
chr5	75852223	1	1.0
chr5	76879834	1	1.0
chr5	77910356	1	1.0
chr5	78951822	1	1.0
chr5	79991044	1	1.0
chr5	81025643	1	1.0
chr5	82063585	1	1.0
chr5	83103213	1	1.0
chr5	84127308	1	1.0
chr5	85155090	1	1.0
chr5	86203748	1	1.0
chr5	87227445	1	1.0
chr5	88266963	1	1.0
chr5	89285693	1	1.0
chr5	90341020	1	1.0
chr5	91356921	1	1.0
chr5	92436516	1	1.0
chr5	93479221	1	1.0
chr5	94491583	1	1.0
chr5	95516787	1	1.0
chr5	96534585	1	1.0
chr5	97601729	1	1.0
chr5	98630836	1	1.0
chr5	99843224	1	1.0
chr5	100897442	1	1.0
chr5	101941957	1	1.0
chr5	102967092	1	1.0
chr5	104001150	1	1.0
chr5	105029458	1	1.0
chr5	106057539	1	1.0
chr5	107077368	1	1.0
chr5	108092766	1	1.0
chr5	109138102	1	1.0
chr5	110166621	1	1.0
chr5	111211627	1	1.0
chr5	112242395	1	1.0
chr5	113264240	1	1.0
chr5	114306796	1	1.0
chr5	115334001	1	1.0
chr5	116357467	1	1.0
chr5	117390409	1	1.0
chr5	118418686	1	1.0
chr5	119455024	1	1.0
chr5	120504562	1	1.0
chr5	121537393	1	1.0
chr5	122583497	1	1.0
chr5	123607442	1	1.0
chr5	124623612	1	1.0
chr5	125661841	1	1.0
chr5	126702999	1	1.0
chr5	127732803	1	1.0
chr5	128764682	1	1.0
chr5	129794395	1	1.0
chr5	130859787	1	1.0
chr5	131893357	1	1.0
chr5	132914669	1	1.0
chr5	133934952	1	1.0
chr5	134949151	1	1.0
chr5	135970107	1	1.0
chr5	137010154	1	1.0
chr5	138036595	1	1.0
chr5	139112635	1	1.0
chr5	140132387	1	1.0
chr5	141165167	1	1.0
chr5	142181370	1	1.0
chr5	143192514	1	1.0
chr5	144234686	1	1.0
chr5	145277356	1	1.0
chr5	146296150	1	1.0
chr5	147328921	1	1.0
chr5	148375995	1	1.0
chr5	149387300	1	1.0
chr5	150406492	1	1.0
chr5	151423344	1	1.0
chr5	152493540	1	1.0
chr5	153529401	1	1.0
chr5	154551599	1	1.0
chr5	155633684	1	1.0
chr5	156663448	1	1.0
chr5	157689824	1	1.0
chr5	158702340	1	1.0
chr5	159718254	1	1.0
chr5	160755994	1	1.0
chr5	161782320	1	1.0
chr5	162828818	1	1.0
chr5	163846174	1	1.0
chr5	164866768	1	1.0
chr5	165885037	1	1.0
chr5	166902809	1	1.0
chr5	167915860	1	1.0
chr5	168931720	1	1.0
chr5	169953428	1	1.0
chr5	170987062	1	1.0
chr5	171997599	1	1.0
chr5	173014133	1	1.0
chr5	174030418	1	1.0
chr5	175400000	1	1.299283
chr5	175600000	0	0.07397
chr5	177200000	1	1.413982
chr5	177400000	0	0.066067
chr5	178465218	1	1.0
chr5	179511061	1	1.0
chr5	180800000	1	1.150455
chr5	180915260	0	0.001101
chr6	200000	0	0.054006
chr6	1220411	1	1.0
chr6	2245019	1	1.0
chr6	3277298	1	1.0
chr6	4294590	1	1.0
chr6	5315290	1	1.0
chr6	6360811	1	1.0
chr6	7377329	1	1.0
chr6	8393570	1	1.0
chr6	9415440	1	1.0
chr6	10448048	1	1.0
chr6	11466268	1	1.0
chr6	12478204	1	1.0
chr6	13495426	1	1.0
chr6	14512477	1	1.0
chr6	15522686	1	1.0
chr6	16543320	1	1.0
chr6	17561829	1	1.0
chr6	18580192	1	1.0
chr6	19614180	1	1.0
chr6	20639711	1	1.0
chr6	21654284	1	1.0
chr6	22678871	1	1.0
chr6	23704382	1	1.0
chr6	24736686	1	1.0
chr6	25756071	1	1.0
chr6	26979140	1	1.0
chr6	28004550	1	1.0
chr6	29027742	1	1.0
chr6	30069213	1	1.0
chr6	31095094	1	1.0
chr6	32190407	1	1.0
chr6	33218403	1	1.0
chr6	34235167	1	1.0
chr6	35252418	1	1.0
chr6	36271914	1	1.0
chr6	37284286	1	1.0
chr6	38297708	1	1.0
chr6	39307978	1	1.0
chr6	40330105	1	1.0
chr6	41342489	1	1.0
chr6	42357514	1	1.0
chr6	43374870	1	1.0
chr6	44387480	1	1.0
chr6	45437648	1	1.0
chr6	46465408	1	1.0
chr6	47488532	1	1.0
chr6	48514840	1	1.0
chr6	49546440	1	1.0
chr6	50572242	1	1.0
chr6	51608370	1	1.0
chr6	52650333	1	1.0
chr6	53686779	1	1.0
chr6	54708328	1	1.0
chr6	55745819	1	1.0
chr6	56774401	1	1.0
chr6	58000000	1	1.064207
chr6	61800000	0	0.44407
chr6	63003011	1	1.0
chr6	64042773	1	1.0
chr6	65081550	1	1.0
chr6	66128514	1	1.0
chr6	67160080	1	1.0
chr6	68193419	1	1.0
chr6	69220355	1	1.0
chr6	70261306	1	1.0
chr6	71288041	1	1.0
chr6	72334502	1	1.0
chr6	73373495	1	1.0
chr6	74406116	1	1.0
chr6	75479272	1	1.0
chr6	76509599	1	1.0
chr6	77552069	1	1.0
chr6	78622917	1	1.0
chr6	79669746	1	1.0
chr6	80703178	1	1.0
chr6	81764539	1	1.0
chr6	82809642	1	1.0
chr6	83859771	1	1.0
chr6	84903124	1	1.0
chr6	85947685	1	1.0
chr6	87026443	1	1.0
chr6	88096853	1	1.0
chr6	89125541	1	1.0
chr6	90157065	1	1.0
chr6	91172742	1	1.0
chr6	92195240	1	1.0
chr6	93211291	1	1.0
chr6	94232954	1	1.0
chr6	95600000	1	1.314877
chr6	95800000	0	0.073521
chr6	96864239	1	1.0
chr6	97886344	1	1.0
chr6	98917260	1	1.0
chr6	99948117	1	1.0
chr6	100995197	1	1.0
chr6	102026505	1	1.0
chr6	103057064	1	1.0
chr6	104093092	1	1.0
chr6	105132886	1	1.0
chr6	106162691	1	1.0
chr6	107185006	1	1.0
chr6	108212675	1	1.0
chr6	109239909	1	1.0
chr6	110284912	1	1.0
chr6	111310422	1	1.0
chr6	112332158	1	1.0
chr6	113369267	1	1.0
chr6	114391119	1	1.0
chr6	115438762	1	1.0
chr6	116477838	1	1.0
chr6	117523422	1	1.0
chr6	118560408	1	1.0
chr6	119576885	1	1.0
chr6	120596450	1	1.0
chr6	121656636	1	1.0
chr6	122679832	1	1.0
chr6	123710466	1	1.0
chr6	124738991	1	1.0
chr6	125777707	1	1.0
chr6	126804336	1	1.0
chr6	127835896	1	1.0
chr6	128858675	1	1.0
chr6	129896182	1	1.0
chr6	130918576	1	1.0
chr6	131949833	1	1.0
chr6	132978543	1	1.0
chr6	134013143	1	1.0
chr6	135024360	1	1.0
chr6	136037469	1	1.0
chr6	137064514	1	1.0
chr6	138077794	1	1.0
chr6	139097219	1	1.0
chr6	140119988	1	1.0
chr6	141137280	1	1.0
chr6	142169267	1	1.0
chr6	143201310	1	1.0
chr6	144219544	1	1.0
chr6	145231171	1	1.0
chr6	146263707	1	1.0
chr6	147288705	1	1.0
chr6	148306285	1	1.0
chr6	149327170	1	1.0
chr6	150352207	1	1.0
chr6	151367616	1	1.0
chr6	152391233	1	1.0
chr6	153409885	1	1.0
chr6	154429343	1	1.0
chr6	155442247	1	1.0
chr6	156458879	1	1.0
chr6	157483818	1	1.0
chr6	158597250	1	1.0
chr6	159618507	1	1.0
chr6	160651397	1	1.0
chr6	161720716	1	1.0
chr6	162733271	1	1.0
chr6	163751795	1	1.0
chr6	164759581	1	1.0
chr6	165804119	1	1.0
chr6	166816914	1	1.0
chr6	167894374	1	1.0
chr6	169018208	1	1.0
chr6	170049526	1	1.0
chr6	171000000	1	0.802252
chr6	171115067	0	0.005632
chr7	1132813	1	1.0
chr7	2162082	1	1.0
chr7	3193090	1	1.0
chr7	4207093	1	1.0
chr7	5258121	1	1.0
chr7	6371533	1	1.0
chr7	7529757	1	1.0
chr7	8552948	1	1.0
chr7	9584686	1	1.0
chr7	10617656	1	1.0
chr7	11636251	1	1.0
chr7	12660339	1	1.0
chr7	13681952	1	1.0
chr7	14720059	1	1.0
chr7	15738339	1	1.0
chr7	16763234	1	1.0
chr7	17785730	1	1.0
chr7	18797949	1	1.0
chr7	19836922	1	1.0
chr7	20869153	1	1.0
chr7	21886622	1	1.0
chr7	22925740	1	1.0
chr7	23967111	1	1.0
chr7	24996575	1	1.0
chr7	26028297	1	1.0
chr7	27056052	1	1.0
chr7	28079770	1	1.0
chr7	29088204	1	1.0
chr7	30139709	1	1.0
chr7	31169881	1	1.0
chr7	32202204	1	1.0
chr7	33321918	1	1.0
chr7	34359805	1	1.0
chr7	35503497	1	1.0
chr7	36547442	1	1.0
chr7	37573270	1	1.0
chr7	38610057	1	1.0
chr7	39627327	1	1.0
chr7	40681516	1	1.0
chr7	41693082	1	1.0
chr7	42703441	1	1.0
chr7	43728275	1	1.0
chr7	44793340	1	1.0
chr7	45868638	1	1.0
chr7	46901343	1	1.0
chr7	47913984	1	1.0
chr7	48949581	1	1.0
chr7	49988682	1	1.0
chr7	51050161	1	1.0
chr7	52102914	1	1.0
chr7	53122252	1	1.0
chr7	54143842	1	1.0
chr7	55190890	1	1.0
chr7	56800000	1	1.449252
chr7	57200000	0	0.112649
chr7	58000000	1	0.664298
chr7	61800000	0	0.213219
chr7	62800000	1	0.795023
chr7	63200000	0	0.082856
chr7	64303038	1	1.0
chr7	65000000	1	0.521207
chr7	65200000	0	0.054807
chr7	66288261	1	1.0
chr7	67419802	1	1.0
chr7	68430311	1	1.0
chr7	69439093	1	1.0
chr7	70453718	1	1.0
chr7	71463113	1	1.0
chr7	72400000	1	0.794151
chr7	72600000	0	0.013966
chr7	74200000	1	1.411015
chr7	75000000	0	0.074803
chr7	76200000	1	0.97665
chr7	76800000	0	0.229474
chr7	77817838	1	1.0
chr7	78842153	1	1.0
chr7	79865490	1	1.0
chr7	80884557	1	1.0
chr7	81898394	1	1.0
chr7	82922992	1	1.0
chr7	83963552	1	1.0
chr7	84995835	1	1.0
chr7	86024610	1	1.0
chr7	87062696	1	1.0
chr7	88097901	1	1.0
chr7	89133400	1	1.0
chr7	90198792	1	1.0
chr7	91254524	1	1.0
chr7	92290979	1	1.0
chr7	93329020	1	1.0
chr7	94348024	1	1.0
chr7	95372516	1	1.0
chr7	96404149	1	1.0
chr7	97457597	1	1.0
chr7	98521023	1	1.0
chr7	99552305	1	1.0
chr7	100677258	1	1.0
chr7	102200000	1	1.355924
chr7	102400000	0	0.043157
chr7	103523134	1	1.0
chr7	104579776	1	1.0
chr7	105597593	1	1.0
chr7	106630669	1	1.0
chr7	107654267	1	1.0
chr7	108679821	1	1.0
chr7	109724023	1	1.0
chr7	110758413	1	1.0
chr7	111796285	1	1.0
chr7	112824896	1	1.0
chr7	113879600	1	1.0
chr7	114906564	1	1.0
chr7	115922680	1	1.0
chr7	116949213	1	1.0
chr7	117967469	1	1.0
chr7	118987514	1	1.0
chr7	120021710	1	1.0
chr7	121042861	1	1.0
chr7	122069497	1	1.0
chr7	123102308	1	1.0
chr7	124134619	1	1.0
chr7	125163195	1	1.0
chr7	126184291	1	1.0
chr7	127224807	1	1.0
chr7	128308913	1	1.0
chr7	129325200	1	1.0
chr7	130448398	1	1.0
chr7	131458010	1	1.0
chr7	132474648	1	1.0
chr7	133489317	1	1.0
chr7	134507401	1	1.0
chr7	135521663	1	1.0
chr7	136560667	1	1.0
chr7	137586846	1	1.0
chr7	138606833	1	1.0
chr7	139653325	1	1.0
chr7	140682590	1	1.0
chr7	141722264	1	1.0
chr7	143200000	1	1.346062
chr7	144000000	0	0.365051
chr7	159138663	1	14.093788
chr8	200000	0	0.045038
chr8	1292040	1	1.0
chr8	2379734	1	1.0
chr8	3402494	1	1.0
chr8	4412768	1	1.0
chr8	5431361	1	1.0
chr8	7000000	1	1.469456
chr8	8000000	0	0.110414
chr8	9088984	1	1.0
chr8	10111097	1	1.0
chr8	11128167	1	1.0
chr8	12000000	1	0.760021
chr8	12400000	0	0.052112
chr8	13485159	1	1.0
chr8	14505237	1	1.0
chr8	15531807	1	1.0
chr8	16553772	1	1.0
chr8	17571812	1	1.0
chr8	18583432	1	1.0
chr8	19593640	1	1.0
chr8	20612302	1	1.0
chr8	21620046	1	1.0
chr8	22633164	1	1.0
chr8	23655194	1	1.0
chr8	24676191	1	1.0
chr8	25706187	1	1.0
chr8	26717586	1	1.0
chr8	27741714	1	1.0
chr8	28757592	1	1.0
chr8	29774749	1	1.0
chr8	30787774	1	1.0
chr8	31823413	1	1.0
chr8	32836014	1	1.0
chr8	33862801	1	1.0
chr8	34889163	1	1.0
chr8	35912545	1	1.0
chr8	36943829	1	1.0
chr8	37957598	1	1.0
chr8	38970325	1	1.0
chr8	39997700	1	1.0
chr8	41025560	1	1.0
chr8	42041709	1	1.0
chr8	43069382	1	1.0
chr8	43800000	1	0.677141
chr8	46800000	0	0.006694
chr8	47914844	1	1.0
chr8	48980103	1	1.0
chr8	50018364	1	1.0
chr8	51044781	1	1.0
chr8	52080421	1	1.0
chr8	53108053	1	1.0
chr8	54123666	1	1.0
chr8	55165745	1	1.0
chr8	56190443	1	1.0
chr8	57226314	1	1.0
chr8	58272378	1	1.0
chr8	59294818	1	1.0
chr8	60320267	1	1.0
chr8	61360167	1	1.0
chr8	62388705	1	1.0
chr8	63420302	1	1.0
chr8	64450200	1	1.0
chr8	65485857	1	1.0
chr8	66516534	1	1.0
chr8	67538738	1	1.0
chr8	68569222	1	1.0
chr8	69601404	1	1.0
chr8	70639408	1	1.0
chr8	71679687	1	1.0
chr8	72715271	1	1.0
chr8	73748525	1	1.0
chr8	74778311	1	1.0
chr8	75814198	1	1.0
chr8	76854032	1	1.0
chr8	77875312	1	1.0
chr8	78910095	1	1.0
chr8	79932480	1	1.0
chr8	80964534	1	1.0
chr8	81989308	1	1.0
chr8	83018902	1	1.0
chr8	84039077	1	1.0
chr8	85077989	1	1.0
chr8	86600000	1	1.423941
chr8	86800000	0	0.001368
chr8	87861931	1	1.0
chr8	88915387	1	1.0
chr8	89954211	1	1.0
chr8	91007879	1	1.0
chr8	92034392	1	1.0
chr8	93089195	1	1.0
chr8	94111661	1	1.0
chr8	95141995	1	1.0
chr8	96158508	1	1.0
chr8	97202169	1	1.0
chr8	98228753	1	1.0
chr8	99256914	1	1.0
chr8	100313735	1	1.0
chr8	101357133	1	1.0
chr8	102376349	1	1.0
chr8	103415586	1	1.0
chr8	104427351	1	1.0
chr8	105462945	1	1.0
chr8	106484174	1	1.0
chr8	107507981	1	1.0
chr8	108527764	1	1.0
chr8	109567907	1	1.0
chr8	110589464	1	1.0
chr8	111617289	1	1.0
chr8	112634624	1	1.0
chr8	113659843	1	1.0
chr8	114683617	1	1.0
chr8	115738567	1	1.0
chr8	116752854	1	1.0
chr8	117777684	1	1.0
chr8	118798341	1	1.0
chr8	119821656	1	1.0
chr8	120866357	1	1.0
chr8	121891925	1	1.0
chr8	122926084	1	1.0
chr8	123949555	1	1.0
chr8	124964339	1	1.0
chr8	125978564	1	1.0
chr8	126996720	1	1.0
chr8	128030833	1	1.0
chr8	129059341	1	1.0
chr8	130107316	1	1.0
chr8	131130918	1	1.0
chr8	132142725	1	1.0
chr8	133192038	1	1.0
chr8	134203943	1	1.0
chr8	135225072	1	1.0
chr8	136239887	1	1.0
chr8	137276997	1	1.0
chr8	138304590	1	1.0
chr8	139338468	1	1.0
chr8	140357719	1	1.0
chr8	141368472	1	1.0
chr8	142389295	1	1.0
chr8	143493288	1	1.0
chr8	144520044	1	1.0
chr8	145200000	1	0.654531
chr8	145400000	0	0.075528
chr8	146364022	1	0.773704
chr9	200000	0	0.040963
chr9	1232794	1	1.0
chr9	2266979	1	1.0
chr9	3286850	1	1.0
chr9	4309092	1	1.0
chr9	5356713	1	1.0
chr9	6409704	1	1.0
chr9	7429887	1	1.0
chr9	8458154	1	1.0
chr9	9472105	1	1.0
chr9	10499165	1	1.0
chr9	11528357	1	1.0
chr9	12565760	1	1.0
chr9	13587761	1	1.0
chr9	14603796	1	1.0
chr9	15650957	1	1.0
chr9	16680578	1	1.0
chr9	17714622	1	1.0
chr9	18752857	1	1.0
chr9	19786133	1	1.0
chr9	20824480	1	1.0
chr9	21868114	1	1.0
chr9	22915810	1	1.0
chr9	23937389	1	1.0
chr9	24982036	1	1.0
chr9	26010170	1	1.0
chr9	27037261	1	1.0
chr9	28058869	1	1.0
chr9	29104231	1	1.0
chr9	30127778	1	1.0
chr9	31166680	1	1.0
chr9	32218004	1	1.0
chr9	33254042	1	1.0
chr9	34334318	1	1.0
chr9	35380674	1	1.0
chr9	36394701	1	1.0
chr9	37412111	1	1.0
chr9	38800000	1	1.310955
chr9	71000000	0	1.308274
chr9	72037584	1	1.0
chr9	73081804	1	1.0
chr9	74134153	1	1.0
chr9	75152758	1	1.0
chr9	76166002	1	1.0
chr9	77191750	1	1.0
chr9	78213476	1	1.0
chr9	79239372	1	1.0
chr9	80266935	1	1.0
chr9	81298262	1	1.0
chr9	82337365	1	1.0
chr9	83377382	1	1.0
chr9	84407328	1	1.0
chr9	85467396	1	1.0
chr9	86535029	1	1.0
chr9	87551325	1	1.0
chr9	88615278	1	1.0
chr9	89650544	1	1.0
chr9	90699445	1	1.0
chr9	91746404	1	1.0
chr9	92400000	1	0.587278
chr9	92600000	0	0.08475
chr9	93718852	1	1.0
chr9	94737565	1	1.0
chr9	95792746	1	1.0
chr9	96819829	1	1.0
chr9	97935421	1	1.0
chr9	98955482	1	1.0
chr9	100095139	1	1.0
chr9	101118100	1	1.0
chr9	102131752	1	1.0
chr9	103159348	1	1.0
chr9	104207740	1	1.0
chr9	105245400	1	1.0
chr9	106276499	1	1.0
chr9	107308580	1	1.0
chr9	108336127	1	1.0
chr9	109387293	1	1.0
chr9	110403699	1	1.0
chr9	111427598	1	1.0
chr9	112439700	1	1.0
chr9	113474992	1	1.0
chr9	114504437	1	1.0
chr9	115515621	1	1.0
chr9	116578437	1	1.0
chr9	117591272	1	1.0
chr9	118619215	1	1.0
chr9	119640232	1	1.0
chr9	120650665	1	1.0
chr9	121667409	1	1.0
chr9	122695289	1	1.0
chr9	123719916	1	1.0
chr9	124739974	1	1.0
chr9	125774964	1	1.0
chr9	126793729	1	1.0
chr9	127807281	1	1.0
chr9	128825438	1	1.0
chr9	129841859	1	1.0
chr9	130850578	1	1.0
chr9	131871930	1	1.0
chr9	133000000	1	1.116596
chr9	133200000	0	0.072138
chr9	134240464	1	1.0
chr9	135253750	1	1.0
chr9	136280624	1	1.0
chr9	137348105	1	1.0
chr9	138367029	1	1.0
chr9	139451573	1	1.0
chr9	140478914	1	1.0
chr9	141000000	1	0.506829
chr9	141213431	0	0.059851
chr10	1140969	1	1.0
chr10	2176345	1	1.0
chr10	3188696	1	1.0
chr10	4197896	1	1.0
chr10	5249199	1	1.0
chr10	6272187	1	1.0
chr10	7324515	1	1.0
chr10	8332428	1	1.0
chr10	9343060	1	1.0
chr10	10372297	1	1.0
chr10	11390426	1	1.0
chr10	12414766	1	1.0
chr10	13438689	1	1.0
chr10	14444258	1	1.0
chr10	15471758	1	1.0
chr10	16499154	1	1.0
chr10	17800000	1	1.256564
chr10	18200000	0	0.026244
chr10	19240647	1	1.0
chr10	20275853	1	1.0
chr10	21320838	1	1.0
chr10	22339117	1	1.0
chr10	23373386	1	1.0
chr10	24413266	1	1.0
chr10	25428739	1	1.0
chr10	26473631	1	1.0
chr10	27498859	1	1.0
chr10	28535065	1	1.0
chr10	29545405	1	1.0
chr10	30570693	1	1.0
chr10	31610521	1	1.0
chr10	32647758	1	1.0
chr10	33695967	1	1.0
chr10	34712927	1	1.0
chr10	35725367	1	1.0
chr10	36759394	1	1.0
chr10	37830009	1	1.0
chr10	39200000	1	1.014792
chr10	42400000	0	0.037619
chr10	43620966	1	1.0
chr10	44655337	1	1.0
chr10	46200000	1	1.458552
chr10	49400000	0	0.859053
chr10	50410495	1	1.0
chr10	51000000	1	0.575917
chr10	52000000	0	0.269703
chr10	53095190	1	1.0
chr10	54129682	1	1.0
chr10	55151162	1	1.0
chr10	56189597	1	1.0
chr10	57210062	1	1.0
chr10	58250201	1	1.0
chr10	59275263	1	1.0
chr10	60303025	1	1.0
chr10	61339272	1	1.0
chr10	62351777	1	1.0
chr10	63371014	1	1.0
chr10	64387050	1	1.0
chr10	65408877	1	1.0
chr10	66442028	1	1.0
chr10	67469255	1	1.0
chr10	68492281	1	1.0
chr10	69548351	1	1.0
chr10	70561737	1	1.0
chr10	71573793	1	1.0
chr10	72590840	1	1.0
chr10	73595158	1	1.0
chr10	74615366	1	1.0
chr10	75676330	1	1.0
chr10	76695882	1	1.0
chr10	77713241	1	1.0
chr10	78749949	1	1.0
chr10	79762464	1	1.0
chr10	80779845	1	1.0
chr10	81400000	1	0.583271
chr10	81600000	0	0.070132
chr10	82709363	1	1.0
chr10	83734649	1	1.0
chr10	84753117	1	1.0
chr10	85780383	1	1.0
chr10	86821547	1	1.0
chr10	87860711	1	1.0
chr10	89000000	1	1.027628
chr10	89200000	0	0.048607
chr10	90268163	1	1.0
chr10	91285498	1	1.0
chr10	92324863	1	1.0
chr10	93373476	1	1.0
chr10	94399574	1	1.0
chr10	95417139	1	1.0
chr10	96437125	1	1.0
chr10	97502825	1	1.0
chr10	98524940	1	1.0
chr10	99544836	1	1.0
chr10	100580438	1	1.0
chr10	101630923	1	1.0
chr10	102659731	1	1.0
chr10	103669239	1	1.0
chr10	104687639	1	1.0
chr10	105702104	1	1.0
chr10	106718985	1	1.0
chr10	107758386	1	1.0
chr10	108778053	1	1.0
chr10	109790554	1	1.0
chr10	110822650	1	1.0
chr10	111879015	1	1.0
chr10	112893597	1	1.0
chr10	113932788	1	1.0
chr10	114948070	1	1.0
chr10	115958159	1	1.0
chr10	116975695	1	1.0
chr10	118003255	1	1.0
chr10	119022858	1	1.0
chr10	120034153	1	1.0
chr10	121053332	1	1.0
chr10	122072128	1	1.0
chr10	123100439	1	1.0
chr10	124111485	1	1.0
chr10	125158488	1	1.0
chr10	126213517	1	1.0
chr10	127225813	1	1.0
chr10	128600000	1	1.331403
chr10	128800000	0	0.048997
chr10	129812238	1	1.0
chr10	130821617	1	1.0
chr10	131833176	1	1.0
chr10	132854327	1	1.0
chr10	133977749	1	1.0
chr10	135400000	1	1.356266
chr10	135534747	0	0.053387
chr11	200000	0	0.020177
chr11	1286708	1	1.0
chr11	2315342	1	1.0
chr11	3411632	1	1.0
chr11	4644463	1	1.0
chr11	5689378	1	1.0
chr11	6729182	1	1.0
chr11	7777357	1	1.0
chr11	8822148	1	1.0
chr11	9848575	1	1.0
chr11	10877054	1	1.0
chr11	11893405	1	1.0
chr11	12904529	1	1.0
chr11	13945155	1	1.0
chr11	15005897	1	1.0
chr11	16014686	1	1.0
chr11	17045948	1	1.0
chr11	18062033	1	1.0
chr11	19102755	1	1.0
chr11	20125070	1	1.0
chr11	21146167	1	1.0
chr11	22180157	1	1.0
chr11	23223199	1	1.0
chr11	24257013	1	1.0
chr11	25295694	1	1.0
chr11	26344593	1	1.0
chr11	27378794	1	1.0
chr11	28422713	1	1.0
chr11	29454529	1	1.0
chr11	30487278	1	1.0
chr11	31508019	1	1.0
chr11	32534521	1	1.0
chr11	33567828	1	1.0
chr11	34583097	1	1.0
chr11	35607600	1	1.0
chr11	36639447	1	1.0
chr11	37667911	1	1.0
chr11	38688422	1	1.0
chr11	39720606	1	1.0
chr11	40760434	1	1.0
chr11	41781808	1	1.0
chr11	42814994	1	1.0
chr11	43863931	1	1.0
chr11	44873573	1	1.0
chr11	45889349	1	1.0
chr11	46903352	1	1.0
chr11	47925109	1	1.0
chr11	49091475	1	1.0
chr11	50800000	1	1.373976
chr11	54800000	0	0.35992
chr11	55892898	1	1.0
chr11	56941275	1	1.0
chr11	57969761	1	1.0
chr11	59019221	1	1.0
chr11	60052977	1	1.0
chr11	61138497	1	1.0
chr11	62165386	1	1.0
chr11	63235683	1	1.0
chr11	64256362	1	1.0
chr11	65270746	1	1.0
chr11	66289575	1	1.0
chr11	67309614	1	1.0
chr11	68450635	1	1.0
chr11	69510146	1	1.0
chr11	70572218	1	1.0
chr11	71725066	1	1.0
chr11	72745346	1	1.0
chr11	73761364	1	1.0
chr11	74803837	1	1.0
chr11	75828113	1	1.0
chr11	76854351	1	1.0
chr11	77899665	1	1.0
chr11	78916025	1	1.0
chr11	79931729	1	1.0
chr11	80945548	1	1.0
chr11	81971262	1	1.0
chr11	82995362	1	1.0
chr11	84029204	1	1.0
chr11	85053554	1	1.0
chr11	86087734	1	1.0
chr11	87140101	1	1.0
chr11	88236858	1	1.0
chr11	89400000	1	0.991018
chr11	89800000	0	0.090476
chr11	90869143	1	1.0
chr11	91900202	1	1.0
chr11	92932315	1	1.0
chr11	93978943	1	1.0
chr11	95011554	1	1.0
chr11	96200000	1	1.148854
chr11	96400000	0	0.084799
chr11	97473179	1	1.0
chr11	98498342	1	1.0
chr11	99527388	1	1.0
chr11	100576726	1	1.0
chr11	101609367	1	1.0
chr11	102643585	1	1.0
chr11	103671663	1	1.0
chr11	104692029	1	1.0
chr11	105710555	1	1.0
chr11	106734440	1	1.0
chr11	107760651	1	1.0
chr11	108794406	1	1.0
chr11	109837997	1	1.0
chr11	110864894	1	1.0
chr11	111874354	1	1.0
chr11	112896990	1	1.0
chr11	113916014	1	1.0
chr11	114946435	1	1.0
chr11	115961917	1	1.0
chr11	116976650	1	1.0
chr11	117998279	1	1.0
chr11	119021345	1	1.0
chr11	120031052	1	1.0
chr11	121037249	1	1.0
chr11	122068301	1	1.0
chr11	123088220	1	1.0
chr11	124102405	1	1.0
chr11	125132202	1	1.0
chr11	126158805	1	1.0
chr11	127169496	1	1.0
chr11	128201498	1	1.0
chr11	129220591	1	1.0
chr11	130252450	1	1.0
chr11	131278623	1	1.0
chr11	132297941	1	1.0
chr11	133309380	1	1.0
chr11	134343047	1	1.0
chr11	135000000	1	0.578469
chr11	135006516	0	0.0
chr12	200000	0	0.043463
chr12	1230618	1	1.0
chr12	2252780	1	1.0
chr12	3270589	1	1.0
chr12	4297884	1	1.0
chr12	5322174	1	1.0
chr12	6352656	1	1.0
chr12	7426290	1	1.0
chr12	8594927	1	1.0
chr12	9758804	1	1.0
chr12	10809011	1	1.0
chr12	11868386	1	1.0
chr12	12895853	1	1.0
chr12	13916120	1	1.0
chr12	14936587	1	1.0
chr12	15948601	1	1.0
chr12	16966519	1	1.0
chr12	18018846	1	1.0
chr12	19043269	1	1.0
chr12	20062474	1	1.0
chr12	21087438	1	1.0
chr12	22138618	1	1.0
chr12	23175978	1	1.0
chr12	24205030	1	1.0
chr12	25215574	1	1.0
chr12	26245735	1	1.0
chr12	27271770	1	1.0
chr12	28302096	1	1.0
chr12	29332091	1	1.0
chr12	30376364	1	1.0
chr12	31483120	1	1.0
chr12	32508914	1	1.0
chr12	33550063	1	1.0
chr12	34800000	1	1.180152
chr12	37800000	0	0.051999
chr12	38946071	1	1.0
chr12	39993736	1	1.0
chr12	41028975	1	1.0
chr12	42056580	1	1.0
chr12	43104542	1	1.0
chr12	44136152	1	1.0
chr12	45174922	1	1.0
chr12	46207785	1	1.0
chr12	47240447	1	1.0
chr12	48274020	1	1.0
chr12	49317114	1	1.0
chr12	50336542	1	1.0
chr12	51355147	1	1.0
chr12	52386944	1	1.0
chr12	53410201	1	1.0
chr12	54428118	1	1.0
chr12	55488353	1	1.0
chr12	56563381	1	1.0
chr12	57599452	1	1.0
chr12	58635973	1	1.0
chr12	59672281	1	1.0
chr12	60703949	1	1.0
chr12	61753948	1	1.0
chr12	62784877	1	1.0
chr12	63807876	1	1.0
chr12	64930783	1	1.0
chr12	65956143	1	1.0
chr12	66988201	1	1.0
chr12	68002030	1	1.0
chr12	69030058	1	1.0
chr12	70050811	1	1.0
chr12	71099884	1	1.0
chr12	72127995	1	1.0
chr12	73158664	1	1.0
chr12	74203746	1	1.0
chr12	75235254	1	1.0
chr12	76260099	1	1.0
chr12	77277801	1	1.0
chr12	78310047	1	1.0
chr12	79330669	1	1.0
chr12	80357303	1	1.0
chr12	81409266	1	1.0
chr12	82435182	1	1.0
chr12	83460013	1	1.0
chr12	84509090	1	1.0
chr12	85521606	1	1.0
chr12	86543920	1	1.0
chr12	87595111	1	1.0
chr12	88637610	1	1.0
chr12	89666647	1	1.0
chr12	90683345	1	1.0
chr12	91704484	1	1.0
chr12	92724501	1	1.0
chr12	93746814	1	1.0
chr12	94768050	1	1.0
chr12	95785892	1	1.0
chr12	96821427	1	1.0
chr12	97846971	1	1.0
chr12	98886209	1	1.0
chr12	99903660	1	1.0
chr12	100922894	1	1.0
chr12	101959661	1	1.0
chr12	102982477	1	1.0
chr12	104018521	1	1.0
chr12	105041400	1	1.0
chr12	106076219	1	1.0
chr12	107105409	1	1.0
chr12	108124216	1	1.0
chr12	109134217	1	1.0
chr12	110196644	1	1.0
chr12	111212601	1	1.0
chr12	112226806	1	1.0
chr12	113253277	1	1.0
chr12	114260934	1	1.0
chr12	115273649	1	1.0
chr12	116283931	1	1.0
chr12	117290084	1	1.0
chr12	118301275	1	1.0
chr12	119322115	1	1.0
chr12	120335861	1	1.0
chr12	121354817	1	1.0
chr12	122375421	1	1.0
chr12	123457529	1	1.0
chr12	124474738	1	1.0
chr12	125486001	1	1.0
chr12	126501236	1	1.0
chr12	127520281	1	1.0
chr12	128539309	1	1.0
chr12	129562174	1	1.0
chr12	130589817	1	1.0
chr12	131607660	1	1.0
chr12	132692870	1	1.0
chr12	133800000	1	0.96756
chr12	133851895	0	0.033797
chr13	19200000	0	0.039454
chr13	115169878	1	92.696381
chr14	20200000	0	0.235285
chr14	21270918	1	1.0
chr14	22312214	1	1.0
chr14	23345945	1	1.0
chr14	24368145	1	1.0
chr14	25446195	1	1.0
chr14	26490391	1	1.0
chr14	27523423	1	1.0
chr14	28576032	1	1.0
chr14	29611422	1	1.0
chr14	30635057	1	1.0
chr14	31665779	1	1.0
chr14	32700186	1	1.0
chr14	33728244	1	1.0
chr14	34747885	1	1.0
chr14	35792998	1	1.0
chr14	36827425	1	1.0
chr14	37858747	1	1.0
chr14	38895122	1	1.0
chr14	39932087	1	1.0
chr14	40994841	1	1.0
chr14	42032235	1	1.0
chr14	43063408	1	1.0
chr14	44115327	1	1.0
chr14	45158609	1	1.0
chr14	46203060	1	1.0
chr14	47257319	1	1.0
chr14	48282234	1	1.0
chr14	49332365	1	1.0
chr14	50359334	1	1.0
chr14	51379585	1	1.0
chr14	52409946	1	1.0
chr14	53440339	1	1.0
chr14	54468543	1	1.0
chr14	55498840	1	1.0
chr14	56524728	1	1.0
chr14	57551701	1	1.0
chr14	58597899	1	1.0
chr14	59611357	1	1.0
chr14	60646898	1	1.0
chr14	61695807	1	1.0
chr14	62711202	1	1.0
chr14	63753614	1	1.0
chr14	64768007	1	1.0
chr14	65784369	1	1.0
chr14	66819239	1	1.0
chr14	67852455	1	1.0
chr14	68870080	1	1.0
chr14	69880260	1	1.0
chr14	70898886	1	1.0
chr14	71940169	1	1.0
chr14	72971241	1	1.0
chr14	73986053	1	1.0
chr14	75017744	1	1.0
chr14	76030440	1	1.0
chr14	77039641	1	1.0
chr14	78057002	1	1.0
chr14	79070027	1	1.0
chr14	80091495	1	1.0
chr14	81126667	1	1.0
chr14	82150357	1	1.0
chr14	83170446	1	1.0
chr14	84184930	1	1.0
chr14	85195428	1	1.0
chr14	86207309	1	1.0
chr14	87259191	1	1.0
chr14	88283896	1	1.0
chr14	89305774	1	1.0
chr14	90317399	1	1.0
chr14	91336307	1	1.0
chr14	92359539	1	1.0
chr14	93382448	1	1.0
chr14	94396379	1	1.0
chr14	95408278	1	1.0
chr14	96416130	1	1.0
chr14	97428943	1	1.0
chr14	98437562	1	1.0
chr14	99443631	1	1.0
chr14	100454789	1	1.0
chr14	101466275	1	1.0
chr14	102485233	1	1.0
chr14	103504768	1	1.0
chr14	104518930	1	1.0
chr14	105539817	1	1.0
chr14	107200000	1	1.449154
chr14	107349540	0	0.08465
chr15	23600000	0	1.169906
chr15	24757475	1	1.0
chr15	25796955	1	1.0
chr15	26805989	1	1.0
chr15	27820427	1	1.0
chr15	28600000	1	0.696019
chr15	29000000	0	0.058485
chr15	30400000	1	1.246557
chr15	31000000	0	0.092061
chr15	32400000	1	1.278252
chr15	32800000	0	0.080002
chr15	33917169	1	1.0
chr15	35031487	1	1.0
chr15	36056337	1	1.0
chr15	37079695	1	1.0
chr15	38119467	1	1.0
chr15	39147043	1	1.0
chr15	40167682	1	1.0
chr15	41188228	1	1.0
chr15	42204389	1	1.0
chr15	43218576	1	1.0
chr15	44371448	1	1.0
chr15	45475546	1	1.0
chr15	46499743	1	1.0
chr15	47544077	1	1.0
chr15	48553487	1	1.0
chr15	49567390	1	1.0
chr15	50610240	1	1.0
chr15	51635387	1	1.0
chr15	52662824	1	1.0
chr15	53693674	1	1.0
chr15	54721871	1	1.0
chr15	55768863	1	1.0
chr15	56815499	1	1.0
chr15	57827182	1	1.0
chr15	58845747	1	1.0
chr15	59856386	1	1.0
chr15	60873547	1	1.0
chr15	61886269	1	1.0
chr15	62911844	1	1.0
chr15	63925823	1	1.0
chr15	64946105	1	1.0
chr15	65963177	1	1.0
chr15	66975718	1	1.0
chr15	67992351	1	1.0
chr15	69001611	1	1.0
chr15	70018642	1	1.0
chr15	71034741	1	1.0
chr15	72067843	1	1.0
chr15	73131550	1	1.0
chr15	74154334	1	1.0
chr15	75208278	1	1.0
chr15	76298200	1	1.0
chr15	77328502	1	1.0
chr15	78382861	1	1.0
chr15	79424380	1	1.0
chr15	80454852	1	1.0
chr15	81465086	1	1.0
chr15	82600000	1	1.050171
chr15	83200000	0	0.016269
chr15	84248203	1	1.0
chr15	84800000	1	0.522581
chr15	85000000	0	0.059817
chr15	86184520	1	1.0
chr15	87208393	1	1.0
chr15	88251210	1	1.0
chr15	89277193	1	1.0
chr15	90301729	1	1.0
chr15	91321352	1	1.0
chr15	92348118	1	1.0
chr15	93369455	1	1.0
chr15	94401868	1	1.0
chr15	95415922	1	1.0
chr15	96421690	1	1.0
chr15	97434910	1	1.0
chr15	98467233	1	1.0
chr15	99483972	1	1.0
chr15	100522170	1	1.0
chr15	101559158	1	1.0
chr15	102400000	1	0.799569
chr15	102531392	0	0.021527
chr16	1110388	1	1.0
chr16	2145081	1	1.0
chr16	3285225	1	1.0
chr16	4300531	1	1.0
chr16	5342085	1	1.0
chr16	6351947	1	1.0
chr16	7356634	1	1.0
chr16	8371171	1	1.0
chr16	9440502	1	1.0
chr16	10465141	1	1.0
chr16	11476133	1	1.0
chr16	12510404	1	1.0
chr16	13524890	1	1.0
chr16	14800000	1	1.239962
chr16	15400000	0	0.169848
chr16	16400000	1	0.830051
chr16	16800000	0	0.069982
chr16	18200000	1	1.300077
chr16	18800000	0	0.109848
chr16	19846676	1	1.0
chr16	21400000	1	1.408811
chr16	22600000	0	0.741282
chr16	23635383	1	1.0
chr16	24645219	1	1.0
chr16	25658224	1	1.0
chr16	26670595	1	1.0
chr16	27678994	1	1.0
chr16	28600000	1	0.782805
chr16	29600000	0	0.477067
chr16	30200000	1	0.561557
chr16	30400000	0	0.069771
chr16	31432520	1	1.0
chr16	32000000	1	0.503061
chr16	34200000	0	0.786511
chr16	35200000	1	0.937275
chr16	46400000	0	0.078911
chr16	47487153	1	1.0
chr16	48526479	1	1.0
chr16	49552218	1	1.0
chr16	50561355	1	1.0
chr16	51576979	1	1.0
chr16	52594537	1	1.0
chr16	53615308	1	1.0
chr16	54629244	1	1.0
chr16	55639416	1	1.0
chr16	56688235	1	1.0
chr16	57700161	1	1.0
chr16	58709549	1	1.0
chr16	59758018	1	1.0
chr16	60797283	1	1.0
chr16	61822382	1	1.0
chr16	62843244	1	1.0
chr16	63874506	1	1.0
chr16	64885518	1	1.0
chr16	65914052	1	1.0
chr16	66928557	1	1.0
chr16	67942139	1	1.0
chr16	68961729	1	1.0
chr16	69977490	1	1.0
chr16	71195868	1	1.0
chr16	72221354	1	1.0
chr16	73248796	1	1.0
chr16	74260555	1	1.0
chr16	75356122	1	1.0
chr16	76392961	1	1.0
chr16	77406503	1	1.0
chr16	78415476	1	1.0
chr16	79420618	1	1.0
chr16	80436555	1	1.0
chr16	81450782	1	1.0
chr16	82471321	1	1.0
chr16	83473841	1	1.0
chr16	84488370	1	1.0
chr16	85502269	1	1.0
chr16	86525665	1	1.0
chr16	87538905	1	1.0
chr16	88688444	1	1.0
chr16	90200000	1	1.430178
chr16	90354753	0	0.007052
chr17	1168630	1	1.0
chr17	2194665	1	1.0
chr17	3291392	1	1.0
chr17	4320338	1	1.0
chr17	5351489	1	1.0
chr17	6368960	1	1.0
chr17	7397967	1	1.0
chr17	8413231	1	1.0
chr17	9426001	1	1.0
chr17	10450169	1	1.0
chr17	11464017	1	1.0
chr17	12491771	1	1.0
chr17	13502141	1	1.0
chr17	14546365	1	1.0
chr17	15685826	1	1.0
chr17	16600000	1	0.83393
chr17	16800000	0	0.077325
chr17	18400000	1	1.482016
chr17	19200000	0	0.369852
chr17	20200000	1	0.979635
chr17	20600000	0	0.148036
chr17	22200000	1	1.36486
chr17	25200000	0	0.043829
chr17	26338024	1	1.0
chr17	27358912	1	1.0
chr17	28384201	1	1.0
chr17	29490185	1	1.0
chr17	30572187	1	1.0
chr17	31604966	1	1.0
chr17	32636630	1	1.0
chr17	33653054	1	1.0
chr17	34400000	1	0.727663
chr17	34800000	0	0.093188
chr17	36200000	1	1.372351
chr17	36400000	0	0.083039
chr17	37462473	1	1.0
chr17	38477742	1	1.0
chr17	39512086	1	1.0
chr17	40533242	1	1.0
chr17	41563539	1	1.0
chr17	42585167	1	1.0
chr17	43716532	1	1.0
chr17	44400000	1	0.619535
chr17	44800000	0	0.043656
chr17	81195210	1	35.110449
chr18	1106693	1	1.0
chr18	2135727	1	1.0
chr18	3159293	1	1.0
chr18	4173409	1	1.0
chr18	5202470	1	1.0
chr18	6223246	1	1.0
chr18	7242548	1	1.0
chr18	8270359	1	1.0
chr18	9296097	1	1.0
chr18	10309476	1	1.0
chr18	11357381	1	1.0
chr18	12451411	1	1.0
chr18	13473104	1	1.0
chr18	14400000	1	0.784148
chr18	18600000	0	0.5956
chr18	19617856	1	1.0
chr18	20649335	1	1.0
chr18	21663839	1	1.0
chr18	22685661	1	1.0
chr18	23699097	1	1.0
chr18	24720456	1	1.0
chr18	25750600	1	1.0
chr18	26781198	1	1.0
chr18	27796497	1	1.0
chr18	28804573	1	1.0
chr18	29830618	1	1.0
chr18	30851527	1	1.0
chr18	31878270	1	1.0
chr18	32914369	1	1.0
chr18	33950298	1	1.0
chr18	34974128	1	1.0
chr18	35994820	1	1.0
chr18	37003577	1	1.0
chr18	38031500	1	1.0
chr18	39040578	1	1.0
chr18	40059497	1	1.0
chr18	41087518	1	1.0
chr18	42116529	1	1.0
chr18	43134253	1	1.0
chr18	44153507	1	1.0
chr18	45196665	1	1.0
chr18	46208027	1	1.0
chr18	47236134	1	1.0
chr18	48268955	1	1.0
chr18	49290232	1	1.0
chr18	50306149	1	1.0
chr18	51330628	1	1.0
chr18	52000000	1	0.645509
chr18	52200000	0	0.057627
chr18	53222568	1	1.0
chr18	54253659	1	1.0
chr18	55273788	1	1.0
chr18	56292158	1	1.0
chr18	57314723	1	1.0
chr18	58343866	1	1.0
chr18	59367173	1	1.0
chr18	60385400	1	1.0
chr18	61408331	1	1.0
chr18	62440232	1	1.0
chr18	63457837	1	1.0
chr18	64468927	1	1.0
chr18	65485542	1	1.0
chr18	66510799	1	1.0
chr18	67531512	1	1.0
chr18	68568909	1	1.0
chr18	69589786	1	1.0
chr18	70600704	1	1.0
chr18	71630564	1	1.0
chr18	72692516	1	1.0
chr18	73704520	1	1.0
chr18	74720290	1	1.0
chr18	75797341	1	1.0
chr18	76824869	1	1.0
chr18	78000000	1	1.126835
chr18	78077248	0	0.016519
chr19	200000	0	0.004646
chr19	1294318	1	1.0
chr19	2315101	1	1.0
chr19	3340492	1	1.0
chr19	4361314	1	1.0
chr19	5382295	1	1.0
chr19	6404426	1	1.0
chr19	7550543	1	1.0
chr19	8592182	1	1.0
chr19	9713903	1	1.0
chr19	10733801	1	1.0
chr19	11750597	1	1.0
chr19	12802753	1	1.0
chr19	13817705	1	1.0
chr19	14858667	1	1.0
chr19	15885820	1	1.0
chr19	16904197	1	1.0
chr19	17921633	1	1.0
chr19	18937125	1	1.0
chr19	19953644	1	1.0
chr19	21102766	1	1.0
chr19	22141661	1	1.0
chr19	23225630	1	1.0
chr19	24600000	1	1.304654
chr19	27800000	0	0.066161
chr19	59128983	1	29.927857
chr20	1078720	1	1.0
chr20	2105287	1	1.0
chr20	3126250	1	1.0
chr20	4152383	1	1.0
chr20	5175630	1	1.0
chr20	6207602	1	1.0
chr20	7229441	1	1.0
chr20	8249532	1	1.0
chr20	9266797	1	1.0
chr20	10285223	1	1.0
chr20	11293458	1	1.0
chr20	12310637	1	1.0
chr20	13358790	1	1.0
chr20	14382620	1	1.0
chr20	15400823	1	1.0
chr20	16410073	1	1.0
chr20	17433662	1	1.0
chr20	18452432	1	1.0
chr20	19486307	1	1.0
chr20	20503424	1	1.0
chr20	21517542	1	1.0
chr20	22557398	1	1.0
chr20	23588163	1	1.0
chr20	24638274	1	1.0
chr20	26400000	1	1.39842
chr20	29800000	0	0.1646
chr20	30830022	1	1.0
chr20	31842813	1	1.0
chr20	32867680	1	1.0
chr20	33890488	1	1.0
chr20	34954397	1	1.0
chr20	35976635	1	1.0
chr20	36983384	1	1.0
chr20	37996334	1	1.0
chr20	39029861	1	1.0
chr20	40049012	1	1.0
chr20	41074617	1	1.0
chr20	42097603	1	1.0
chr20	43116966	1	1.0
chr20	44127136	1	1.0
chr20	45149474	1	1.0
chr20	46158611	1	1.0
chr20	47203382	1	1.0
chr20	48220150	1	1.0
chr20	49232180	1	1.0
chr20	50241330	1	1.0
chr20	51255712	1	1.0
chr20	52283038	1	1.0
chr20	53297871	1	1.0
chr20	54331145	1	1.0
chr20	55363988	1	1.0
chr20	56369168	1	1.0
chr20	57375956	1	1.0
chr20	58389228	1	1.0
chr20	59403504	1	1.0
chr20	60415575	1	1.0
chr20	61530948	1	1.0
chr20	63000000	1	1.363916
chr20	63025520	0	0.0
chr21	14600000	0	0.855988
chr21	48129895	1	32.376564
chr22	17000000	0	0.153522
chr22	18600000	1	1.450313
chr22	18800000	0	0.062221
chr22	20400000	1	1.402663
chr22	20600000	0	0.013626
chr22	21400000	1	0.653217
chr22	21800000	0	0.094162
chr22	22960783	1	1.0
chr22	24047661	1	1.0
chr22	25189451	1	1.0
chr22	26247172	1	1.0
chr22	27257263	1	1.0
chr22	28264166	1	1.0
chr22	29317402	1	1.0
chr22	30342511	1	1.0
chr22	31354654	1	1.0
chr22	32378459	1	1.0
chr22	33411969	1	1.0
chr22	34422106	1	1.0
chr22	35455083	1	1.0
chr22	36471928	1	1.0
chr22	37488705	1	1.0
chr22	38499611	1	1.0
chr22	39546998	1	1.0
chr22	40560326	1	1.0
chr22	41580211	1	1.0
chr22	42610541	1	1.0
chr22	43651358	1	1.0
chr22	44663229	1	1.0
chr22	45674308	1	1.0
chr22	46684539	1	1.0
chr22	47698552	1	1.0
chr22	48710588	1	1.0
chr22	49726793	1	1.0
chr22	51200000	1	1.384413
chr22	51304566	0	0.0099
chrX	200000	0	0.039035
chrX	1000000	1	0.702693
chrX	1200000	0	0.042398
chrX	2381009	1	1.0
chrX	3420101	1	1.0
chrX	4561185	1	1.0
chrX	5578162	1	1.0
chrX	6606880	1	1.0
chrX	7691382	1	1.0
chrX	8728795	1	1.0
chrX	9752461	1	1.0
chrX	10829440	1	1.0
chrX	11871213	1	1.0
chrX	12905419	1	1.0
chrX	13934917	1	1.0
chrX	14977247	1	1.0
chrX	16005045	1	1.0
chrX	17050170	1	1.0
chrX	18082723	1	1.0
chrX	19109688	1	1.0
chrX	20140736	1	1.0
chrX	21182204	1	1.0
chrX	22204024	1	1.0
chrX	23228554	1	1.0
chrX	24269077	1	1.0
chrX	25290085	1	1.0
chrX	26342670	1	1.0
chrX	27369204	1	1.0
chrX	28400356	1	1.0
chrX	29427861	1	1.0
chrX	30453084	1	1.0
chrX	31485059	1	1.0
chrX	32509605	1	1.0
chrX	33528395	1	1.0
chrX	34551030	1	1.0
chrX	35568129	1	1.0
chrX	36597195	1	1.0
chrX	37721421	1	1.0
chrX	38737771	1	1.0
chrX	39752990	1	1.0
chrX	40764118	1	1.0
chrX	41790914	1	1.0
chrX	42839115	1	1.0
chrX	43867948	1	1.0
chrX	44893923	1	1.0
chrX	45910134	1	1.0
chrX	46951300	1	1.0
chrX	48022507	1	1.0
chrX	49200000	1	1.031737
chrX	49400000	0	0.028897
chrX	50493103	1	1.0
chrX	52200000	1	1.362498
chrX	52600000	0	0.031334
chrX	53854872	1	1.0
chrX	54928835	1	1.0
chrX	56069135	1	1.0
chrX	57199238	1	1.0
chrX	58600000	1	1.2685
chrX	61800000	0	0.07626
chrX	62983081	1	1.0
chrX	64086357	1	1.0
chrX	65163230	1	1.0
chrX	66238729	1	1.0
chrX	67310211	1	1.0
chrX	68357073	1	1.0
chrX	69417908	1	1.0
chrX	70485625	1	1.0
chrX	72000000	1	1.294859
chrX	72200000	0	0.009537
chrX	73307428	1	1.0
chrX	74373675	1	1.0
chrX	75495227	1	1.0
chrX	76608994	1	1.0
chrX	77715441	1	1.0
chrX	78757670	1	1.0
chrX	79825857	1	1.0
chrX	80881645	1	1.0
chrX	81931337	1	1.0
chrX	82986470	1	1.0
chrX	84021949	1	1.0
chrX	85085439	1	1.0
chrX	86125930	1	1.0
chrX	87177574	1	1.0
chrX	88600000	1	1.298137
chrX	90200000	0	0.677859
chrX	91000000	1	0.514988
chrX	92200000	0	0.509831
chrX	93324498	1	1.0
chrX	94349336	1	1.0
chrX	95387390	1	1.0
chrX	96429983	1	1.0
chrX	97459239	1	1.0
chrX	98505665	1	1.0
chrX	99552245	1	1.0
chrX	100579219	1	1.0
chrX	101400000	1	0.746996
chrX	101800000	0	0.121891
chrX	102856109	1	1.0
chrX	103957603	1	1.0
chrX	105004962	1	1.0
chrX	106083174	1	1.0
chrX	107115751	1	1.0
chrX	108155350	1	1.0
chrX	109221928	1	1.0
chrX	110263494	1	1.0
chrX	111302044	1	1.0
chrX	112359217	1	1.0
chrX	113397729	1	1.0
chrX	114501038	1	1.0
chrX	115586838	1	1.0
chrX	116688234	1	1.0
chrX	117755272	1	1.0
chrX	118785587	1	1.0
chrX	120000000	1	1.087626
chrX	120200000	0	0.085507
chrX	121240904	1	1.0
chrX	122286005	1	1.0
chrX	123314784	1	1.0
chrX	124339523	1	1.0
chrX	125393645	1	1.0
chrX	126447430	1	1.0
chrX	127486072	1	1.0
chrX	128548451	1	1.0
chrX	129568035	1	1.0
chrX	130636490	1	1.0
chrX	131701006	1	1.0
chrX	132727407	1	1.0
chrX	133758081	1	1.0
chrX	134800000	1	0.929505
chrX	135000000	0	0.087086
chrX	136022191	1	1.0
chrX	137058961	1	1.0
chrX	138104533	1	1.0
chrX	139151440	1	1.0
chrX	140000000	1	0.82167
chrX	140200000	0	0.086131
chrX	141401188	1	1.0
chrX	142448271	1	1.0
chrX	143638342	1	1.0
chrX	144657084	1	1.0
chrX	145675889	1	1.0
chrX	146742837	1	1.0
chrX	147782807	1	1.0
chrX	149006149	1	1.0
chrX	150111283	1	1.0
chrX	151148375	1	1.0
chrX	152200000	1	0.90396
chrX	152400000	0	0.053877
chrX	153400000	1	0.898656
chrX	153600000	0	0.084281
chrX	155200000	1	1.316802
chrX	155270560	0	0.03958
chrY	6600000	0	1.588178
chrY	7723808	1	1.0
chrY	9200000	1	1.327341
chrY	13200000	0	0.45118
chrY	14511002	1	1.0
chrY	15561657	1	1.0
chrY	16702197	1	1.0
chrY	17745969	1	1.0
chrY	19022085	1	1.0
chrY	19600000	1	0.51733
chrY	21000000	0	0.054621
chrY	22200000	1	1.117252
chrY	22400000	0	0.067715
chrY	24000000	1	1.271729
chrY	59373566	0	0.564335
